0.000000 3.300000
0.010000 3.339136
0.020000 3.377339
0.030000 3.414600
0.040000 3.450910
0.050000 3.486264
0.060000 3.520653
0.070000 3.554073
0.080000 3.586518
0.090000 3.617985
0.100000 3.648470
0.110000 3.677970
0.120000 3.706484
0.130000 3.734010
0.140000 3.760548
0.150000 3.786098
0.160000 3.810660
0.170000 3.834237
0.180000 3.856831
0.190000 3.878444
0.200000 3.899080
0.210000 3.918744
0.220000 3.937440
0.230000 3.955172
0.240000 3.971948
0.250000 3.987773
0.260000 4.002655
0.270000 4.016600
0.280000 4.029616
0.290000 4.041713
0.300000 4.052898
0.310000 4.063180
0.320000 4.072568
0.330000 4.081074
0.340000 4.088706
0.350000 4.095476
0.360000 4.101393
0.370000 4.106468
0.380000 4.110713
0.390000 4.114139
0.400000 4.116758
0.410000 4.118581
0.420000 4.119618
0.430000 4.119885
0.440000 4.119390
0.450000 4.118145
0.460000 4.116165
0.470000 4.113460
0.480000 4.110041
0.490000 4.105921
0.500000 4.101111
0.510000 4.095624
0.520000 4.089471
0.530000 4.082663
0.540000 4.075211
0.550000 4.067126
0.560000 4.058421
0.570000 4.049105
0.580000 4.039188
0.590000 4.028682
0.600000 4.017596
0.610000 4.005939
0.620000 3.993723
0.630000 3.980956
0.640000 3.967647
0.650000 3.953804
0.660000 3.939437
0.670000 3.924553
0.680000 3.909160
0.690000 3.893266
0.700000 3.876878
0.710000 3.860003
0.720000 3.842647
0.730000 3.824818
0.740000 3.806520
0.750000 3.787760
0.760000 3.768543
0.770000 3.748875
0.780000 3.728759
0.790000 3.708201
0.800000 3.687205
0.810000 3.665775
0.820000 3.643914
0.830000 3.621627
0.839999 3.598917
0.849999 3.575786
0.859999 3.552238
0.869999 3.528275
0.879999 3.503899
0.889999 3.479114
0.899999 3.453921
0.909999 3.428323
0.919999 3.402321
0.929999 3.375917
0.939999 3.349113
0.949999 3.321911
0.959999 3.294312
0.969999 3.266317
0.979999 3.237930
0.989999 3.209151
0.999999 3.179981
1.009999 3.150424
1.019999 3.120479
1.029999 3.090150
1.039999 3.059438
1.049999 3.028344
1.059999 2.996872
1.069999 2.965024
1.079999 2.932801
1.089999 2.900207
1.099999 2.867245
1.109999 2.833917
1.119999 2.800227
1.129999 2.766178
1.139999 2.731775
1.149999 2.697021
1.159999 2.661920
1.169999 2.626477
1.179999 2.590698
1.189999 2.554586
1.199999 2.518149
1.209999 2.481392
1.219999 2.444321
1.229999 2.406942
1.239999 2.369262
1.249999 2.331290
1.259999 2.293032
1.269999 2.254496
1.279999 2.215691
1.289999 2.176626
1.299999 2.137310
1.309999 2.097751
1.319999 2.057961
1.329999 2.017949
1.339999 1.977725
1.349999 1.937302
1.359999 1.896689
1.369999 1.855899
1.379999 1.814943
1.389999 1.773834
1.399999 1.732585
1.409999 1.691207
1.419999 1.649715
1.429999 1.608123
1.439999 1.566442
1.449999 1.524688
1.459999 1.482876
1.469999 1.441018
1.479999 1.399131
1.489999 1.357228
1.499999 1.315326
1.509999 1.273438
1.519999 1.231582
1.529999 1.189771
1.539999 1.148022
1.549999 1.106350
1.559999 1.064772
1.569999 1.023302
1.579999 0.981957
1.589999 0.940753
1.599999 0.899705
1.609999 0.858829
1.619999 0.818141
1.629999 0.777657
1.639999 0.737392
1.649999 0.697361
1.659999 0.657581
1.669999 0.618065
1.679999 0.578829
1.689999 0.539888
1.699999 0.501257
1.709999 0.462949
1.719999 0.424978
1.729999 0.387359
1.739999 0.350105
1.749999 0.313229
1.759999 0.276744
1.769999 0.240661
1.779999 0.204995
1.789999 0.169755
1.799999 0.134954
1.809999 0.100603
1.819999 0.066711
1.829999 0.033289
1.839999 0.000346
1.849999 -0.032108
1.859999 -0.064064
1.869999 -0.095515
1.879999 -0.126453
1.889999 -0.156870
1.899999 -0.186759
1.909999 -0.216116
1.919999 -0.244933
1.929999 -0.273206
1.939999 -0.300930
1.949998 -0.328101
1.959998 -0.354716
1.969998 -0.380770
1.979998 -0.406262
1.989998 -0.431189
1.999998 -0.455551
2.009999 -0.479346
2.019999 -0.502573
2.029999 -0.525232
2.039999 -0.547325
2.049999 -0.568851
2.059999 -0.589813
2.069999 -0.610212
2.079998 -0.630051
2.089998 -0.649333
2.099998 -0.668060
2.109998 -0.686238
2.119998 -0.703869
2.129998 -0.720958
2.139998 -0.737512
2.149998 -0.753533
2.159998 -0.769030
2.169998 -0.784007
2.179998 -0.798471
2.189998 -0.812429
2.199998 -0.825888
2.209998 -0.838856
2.219998 -0.851339
2.229998 -0.863345
2.239998 -0.874884
2.249998 -0.885963
2.259998 -0.896591
2.269998 -0.906776
2.279998 -0.916528
2.289998 -0.925856
2.299998 -0.934768
2.309998 -0.943274
2.319998 -0.951384
2.329998 -0.959106
2.339998 -0.966452
2.349998 -0.973429
2.359998 -0.980049
2.369998 -0.986321
2.379998 -0.992253
2.389998 -0.997857
2.399998 -1.003142
2.409998 -1.008117
2.419998 -1.012793
2.429998 -1.017178
2.439998 -1.021282
2.449998 -1.025114
2.459998 -1.028684
2.469998 -1.032002
2.479998 -1.035075
2.489998 -1.037913
2.499998 -1.040524
2.509998 -1.042918
2.519998 -1.045103
2.529998 -1.047087
2.539998 -1.048878
2.549998 -1.050484
2.559998 -1.051914
2.569998 -1.053173
2.579998 -1.054271
2.589998 -1.055215
2.599998 -1.056011
2.609998 -1.056667
2.619998 -1.057188
2.629998 -1.057582
2.639998 -1.057855
2.649998 -1.058013
2.659998 -1.058062
2.669998 -1.058007
2.679998 -1.057855
2.689998 -1.057611
2.699998 -1.057280
2.709998 -1.056867
2.719998 -1.056377
2.729998 -1.055815
2.739998 -1.055186
2.749998 -1.054494
2.759998 -1.053743
2.769998 -1.052938
2.779998 -1.052083
2.789998 -1.051182
2.799998 -1.050239
2.809998 -1.049257
2.819998 -1.048241
2.829998 -1.047195
2.839998 -1.046122
2.849998 -1.045025
2.859998 -1.043909
2.869998 -1.042776
2.879998 -1.041631
2.889998 -1.040477
2.899998 -1.039318
2.909998 -1.038156
2.919998 -1.036997
2.929998 -1.035843
2.939998 -1.034697
2.949998 -1.033565
2.959998 -1.032449
2.969998 -1.031353
2.979998 -1.030281
2.989998 -1.029238
2.999998 -1.028227
3.009998 -1.027253
3.019998 -1.026319
3.029998 -1.025430
3.039998 -1.024591
3.049998 -1.023806
3.059998 -1.023080
3.069998 -1.022418
3.079998 -1.021825
3.089998 -1.021305
3.099998 -1.020864
3.109998 -1.020508
3.119998 -1.020242
3.129997 -1.020071
3.139997 -1.020001
3.149997 -1.020039
3.159997 -1.020189
3.169997 -1.020459
3.179997 -1.020854
3.189997 -1.021380
3.199997 -1.022045
3.209997 -1.022854
3.219997 -1.023815
3.229997 -1.024934
3.239997 -1.026217
3.249997 -1.027673
3.259997 -1.029306
3.269997 -1.031125
3.279997 -1.033137
3.289997 -1.035349
3.299997 -1.037767
3.309997 -1.040399
3.319997 -1.043252
3.329997 -1.046332
3.339997 -1.049648
3.349997 -1.053206
3.359997 -1.057012
3.369997 -1.061074
3.379997 -1.065399
3.389997 -1.069993
3.399997 -1.074863
3.409997 -1.080014
3.419997 -1.085455
3.429997 -1.091190
3.439997 -1.097227
3.449997 -1.103569
3.459997 -1.110224
3.469997 -1.117196
3.479997 -1.124491
3.489997 -1.132113
3.499997 -1.140068
3.509997 -1.148359
3.519997 -1.156991
3.529997 -1.165968
3.539997 -1.175293
3.549997 -1.184969
3.559997 -1.194999
3.569997 -1.205385
3.579997 -1.216131
3.589997 -1.227237
3.599997 -1.238704
3.609997 -1.250535
3.619997 -1.262728
3.629997 -1.275286
3.639997 -1.288207
3.649997 -1.301490
3.659997 -1.315135
3.669997 -1.329140
3.679997 -1.343504
3.689997 -1.358223
3.699997 -1.373295
3.709997 -1.388716
3.719997 -1.404484
3.729997 -1.420593
3.739997 -1.437039
3.749997 -1.453817
3.759997 -1.470921
3.769997 -1.488346
3.779997 -1.506085
3.789997 -1.524131
3.799997 -1.542476
3.809997 -1.561113
3.819997 -1.580034
3.829997 -1.599231
3.839997 -1.618693
3.849997 -1.638413
3.859997 -1.658379
3.869997 -1.678583
3.879997 -1.699012
3.889997 -1.719657
3.899997 -1.740507
3.909997 -1.761549
3.919997 -1.782772
3.929997 -1.804163
3.939997 -1.825711
3.949997 -1.847403
3.959997 -1.869224
3.969997 -1.891163
3.979997 -1.913206
3.989997 -1.935339
3.999997 -1.957548
4.009997 -1.979821
4.019997 -2.002141
4.029997 -2.024495
4.039998 -2.046869
4.049998 -2.069247
4.059998 -2.091616
4.069998 -2.113961
4.079998 -2.136267
4.089999 -2.158519
4.099999 -2.180703
4.109999 -2.202805
4.119999 -2.224808
4.130000 -2.246699
4.140000 -2.268464
4.150000 -2.290088
4.160000 -2.311556
4.170001 -2.332855
4.180001 -2.353970
4.190001 -2.374887
4.200001 -2.395594
4.210001 -2.416076
4.220002 -2.436319
4.230002 -2.456312
4.240002 -2.476041
4.250002 -2.495493
4.260003 -2.514657
4.270003 -2.533519
4.280003 -2.552069
4.290003 -2.570295
4.300004 -2.588185
4.310004 -2.605730
4.320004 -2.622917
4.330004 -2.639738
4.340004 -2.656182
4.350005 -2.672239
4.360005 -2.687900
4.370005 -2.703158
4.380005 -2.718002
4.390006 -2.732426
4.400006 -2.746420
4.410006 -2.759978
4.420006 -2.773093
4.430007 -2.785757
4.440007 -2.797965
4.450007 -2.809711
4.460007 -2.820988
4.470007 -2.831792
4.480008 -2.842118
4.490008 -2.851960
4.500008 -2.861315
4.510008 -2.870178
4.520009 -2.878547
4.530009 -2.886416
4.540009 -2.893784
4.550009 -2.900647
4.560009 -2.907003
4.570010 -2.912849
4.580010 -2.918184
4.590010 -2.923006
4.600010 -2.927312
4.610011 -2.931102
4.620011 -2.934374
4.630011 -2.937128
4.640011 -2.939363
4.650012 -2.941077
4.660012 -2.942270
4.670012 -2.942942
4.680012 -2.943093
4.690012 -2.942722
4.700013 -2.941829
4.710013 -2.940414
4.720013 -2.938477
4.730013 -2.936018
4.740014 -2.933036
4.750014 -2.929533
4.760014 -2.925508
4.770014 -2.920961
4.780015 -2.915893
4.790015 -2.910302
4.800015 -2.904190
4.810015 -2.897555
4.820015 -2.890397
4.830016 -2.882716
4.840016 -2.874513
4.850016 -2.865785
4.860016 -2.856533
4.870017 -2.846755
4.880017 -2.836451
4.890017 -2.825620
4.900017 -2.814260
4.910017 -2.802370
4.920018 -2.789948
4.930018 -2.776993
4.940018 -2.763503
4.950018 -2.749475
4.960019 -2.734908
4.970019 -2.719799
4.980019 -2.704146
4.990019 -2.687946
5.000020 -2.671195
5.010020 -2.653892
5.020020 -2.636032
5.030020 -2.617613
5.040020 -2.598631
5.050021 -2.579082
5.060021 -2.558962
5.070021 -2.538268
5.080021 -2.516995
5.090022 -2.495140
5.100022 -2.472698
5.110022 -2.449666
5.120022 -2.426037
5.130023 -2.401810
5.140023 -2.376977
5.150023 -2.351537
5.160023 -2.325483
5.170023 -2.298812
5.180024 -2.271518
5.190024 -2.243598
5.200024 -2.215048
5.210024 -2.185862
5.220025 -2.156037
5.230025 -2.125569
5.240025 -2.094454
5.250025 -2.062688
5.260026 -2.030267
5.270026 -1.997188
5.280026 -1.963448
5.290026 -1.929045
5.300026 -1.893974
5.310027 -1.858234
5.320027 -1.821824
5.330027 -1.784740
5.340027 -1.746981
5.350028 -1.708547
5.360028 -1.669436
5.370028 -1.629649
5.380028 -1.589185
5.390028 -1.548045
5.400029 -1.506230
5.410029 -1.463741
5.420029 -1.420581
5.430029 -1.376750
5.440030 -1.332253
5.450030 -1.287094
5.460030 -1.241275
5.470030 -1.194802
5.480031 -1.147679
5.490031 -1.099913
5.500031 -1.051509
5.510031 -1.002476
5.520031 -0.952819
5.530032 -0.902548
5.540032 -0.851670
5.550032 -0.800196
5.560032 -0.748136
5.570033 -0.695500
5.580033 -0.642300
5.590033 -0.588547
5.600033 -0.534254
5.610034 -0.479435
5.620034 -0.424103
5.630034 -0.368273
5.640034 -0.311960
5.650034 -0.255180
5.660035 -0.197950
5.670035 -0.140285
5.680035 -0.082205
5.690035 -0.023727
5.700036 0.035129
5.710036 0.094346
5.720036 0.153902
5.730036 0.213777
5.740036 0.273950
5.750037 0.334400
5.760037 0.395104
5.770037 0.456041
5.780037 0.517186
5.790038 0.578518
5.800038 0.640011
5.810038 0.701643
5.820038 0.763389
5.830039 0.825223
5.840039 0.887121
5.850039 0.949057
5.860039 1.011006
5.870039 1.072942
5.880040 1.134838
5.890040 1.196669
5.900040 1.258409
5.910040 1.320030
5.920041 1.381506
5.930041 1.442811
5.940041 1.503918
5.950041 1.564801
5.960042 1.625432
5.970042 1.685786
5.980042 1.745836
5.990042 1.805556
6.000042 1.864919
6.010043 1.923901
6.020043 1.982474
6.030043 2.040615
6.040043 2.098297
6.050044 2.155497
6.060044 2.212188
6.070044 2.268348
6.080044 2.323953
6.090044 2.378980
6.100045 2.433405
6.110045 2.487206
6.120045 2.540362
6.130045 2.592852
6.140046 2.644653
6.150046 2.695748
6.160046 2.746114
6.170046 2.795734
6.180047 2.844590
6.190047 2.892663
6.200047 2.939938
6.210047 2.986396
6.220047 3.032022
6.230048 3.076802
6.240048 3.120722
6.250048 3.163767
6.260048 3.205926
6.270049 3.247185
6.280049 3.287534
