-5.000000 0.038462
-4.990000 0.038602
-4.980000 0.038726
-4.969999 0.038836
-4.959999 0.038931
-4.949999 0.039011
-4.939999 0.039076
-4.929998 0.039127
-4.919998 0.039164
-4.909998 0.039187
-4.899998 0.039196
-4.889997 0.039192
-4.879997 0.039174
-4.869997 0.039144
-4.859997 0.039100
-4.849997 0.039044
-4.839996 0.038976
-4.829996 0.038895
-4.819996 0.038803
-4.809996 0.038698
-4.799995 0.038582
-4.789995 0.038454
-4.779995 0.038316
-4.769995 0.038166
-4.759995 0.038006
-4.749994 0.037835
-4.739994 0.037654
-4.729994 0.037463
-4.719994 0.037261
-4.709993 0.037051
-4.699993 0.036830
-4.689993 0.036601
-4.679993 0.036362
-4.669992 0.036114
-4.659992 0.035858
-4.649992 0.035594
-4.639992 0.035321
-4.629992 0.035040
-4.619991 0.034752
-4.609991 0.034456
-4.599991 0.034152
-4.589991 0.033841
-4.579990 0.033524
-4.569990 0.033200
-4.559990 0.032869
-4.549990 0.032532
-4.539989 0.032188
-4.529989 0.031839
-4.519989 0.031485
-4.509989 0.031124
-4.499989 0.030759
-4.489988 0.030388
-4.479988 0.030013
-4.469988 0.029633
-4.459988 0.029249
-4.449987 0.028860
-4.439987 0.028467
-4.429987 0.028071
-4.419987 0.027671
-4.409986 0.027268
-4.399986 0.026862
-4.389986 0.026452
-4.379986 0.026040
-4.369986 0.025626
-4.359985 0.025209
-4.349985 0.024790
-4.339985 0.024369
-4.329985 0.023947
-4.319984 0.023523
-4.309984 0.023098
-4.299984 0.022671
-4.289984 0.022244
-4.279984 0.021817
-4.269983 0.021389
-4.259983 0.020961
-4.249983 0.020533
-4.239983 0.020105
-4.229982 0.019677
-4.219982 0.019251
-4.209982 0.018825
-4.199982 0.018400
-4.189981 0.017976
-4.179981 0.017554
-4.169981 0.017134
-4.159981 0.016716
-4.149981 0.016299
-4.139980 0.015885
-4.129980 0.015474
-4.119980 0.015066
-4.109980 0.014660
-4.099979 0.014258
-4.089979 0.013859
-4.079979 0.013463
-4.069979 0.013072
-4.059978 0.012685
-4.049978 0.012301
-4.039978 0.011923
-4.029978 0.011549
-4.019978 0.011179
-4.009977 0.010815
-3.999977 0.010456
-3.989977 0.010103
-3.979977 0.009756
-3.969977 0.009414
-3.959977 0.009079
-3.949977 0.008750
-3.939977 0.008427
-3.929977 0.008112
-3.919977 0.007803
-3.909977 0.007501
-3.899977 0.007207
-3.889977 0.006921
-3.879977 0.006642
-3.869977 0.006372
-3.859977 0.006109
-3.849977 0.005856
-3.839978 0.005611
-3.829978 0.005374
-3.819978 0.005147
-3.809978 0.004930
-3.799978 0.004721
-3.789978 0.004523
-3.779978 0.004334
-3.769978 0.004156
-3.759978 0.003988
-3.749978 0.003830
-3.739978 0.003684
-3.729978 0.003548
-3.719978 0.003424
-3.709978 0.003311
-3.699978 0.003210
-3.689978 0.003120
-3.679978 0.003043
-3.669978 0.002978
-3.659978 0.002925
-3.649978 0.002885
-3.639978 0.002858
-3.629978 0.002844
-3.619978 0.002844
-3.609978 0.002857
-3.599978 0.002883
-3.589978 0.002924
-3.579978 0.002979
-3.569978 0.003048
-3.559978 0.003132
-3.549978 0.003231
-3.539978 0.003345
-3.529978 0.003474
-3.519978 0.003618
-3.509978 0.003778
-3.499978 0.003954
-3.489978 0.004146
-3.479978 0.004354
-3.469978 0.004579
-3.459978 0.004820
-3.449978 0.005079
-3.439978 0.005354
-3.429978 0.005647
-3.419978 0.005958
-3.409978 0.006286
-3.399978 0.006632
-3.389978 0.006997
-3.379978 0.007379
-3.369978 0.007781
-3.359978 0.008201
-3.349978 0.008640
-3.339978 0.009099
-3.329978 0.009577
-3.319978 0.010075
-3.309978 0.010592
-3.299978 0.011130
-3.289978 0.011688
-3.279978 0.012266
-3.269978 0.012865
-3.259978 0.013485
-3.249978 0.014127
-3.239978 0.014789
-3.229978 0.015473
-3.219978 0.016179
-3.209978 0.016907
-3.199978 0.017657
-3.189978 0.018430
-3.179978 0.019225
-3.169978 0.020043
-3.159978 0.020884
-3.149978 0.021749
-3.139978 0.022636
-3.129978 0.023548
-3.119978 0.024483
-3.109978 0.025443
-3.099978 0.026426
-3.089978 0.027435
-3.079978 0.028468
-3.069978 0.029526
-3.059978 0.030609
-3.049978 0.031718
-3.039978 0.032852
-3.029978 0.034012
-3.019978 0.035197
-3.009978 0.036410
-2.999978 0.037648
-2.989978 0.038913
-2.979978 0.040205
-2.969978 0.041525
-2.959978 0.042871
-2.949978 0.044245
-2.939978 0.045646
-2.929978 0.047076
-2.919978 0.048533
-2.909978 0.050019
-2.899978 0.051534
-2.889978 0.053077
-2.879978 0.054649
-2.869978 0.056250
-2.859978 0.057881
-2.849978 0.059541
-2.839978 0.061231
-2.829978 0.062952
-2.819978 0.064702
-2.809978 0.066483
-2.799978 0.068294
-2.789979 0.070136
-2.779979 0.072010
-2.769979 0.073914
-2.759979 0.075851
-2.749979 0.077818
-2.739979 0.079818
-2.729979 0.081850
-2.719979 0.083914
-2.709979 0.086011
-2.699979 0.088141
-2.689979 0.090303
-2.679979 0.092499
-2.669979 0.094728
-2.659979 0.096991
-2.649979 0.099287
-2.639979 0.101618
-2.629979 0.103983
-2.619979 0.106382
-2.609979 0.108816
-2.599979 0.111285
-2.589979 0.113789
-2.579979 0.116328
-2.569979 0.118902
-2.559979 0.121513
-2.549979 0.124159
-2.539979 0.126842
-2.529979 0.129560
-2.519979 0.132316
-2.509979 0.135108
-2.499979 0.137937
-2.489979 0.140803
-2.479979 0.143706
-2.469979 0.146646
-2.459979 0.149621
-2.449979 0.152632
-2.439979 0.155679
-2.429979 0.158760
-2.419979 0.161876
-2.409979 0.165026
-2.399979 0.168209
-2.389979 0.171426
-2.379979 0.174676
-2.369979 0.177958
-2.359979 0.181272
-2.349979 0.184619
-2.339979 0.187996
-2.329979 0.191405
-2.319979 0.194844
-2.309979 0.198313
-2.299979 0.201812
-2.289979 0.205341
-2.279979 0.208898
-2.269979 0.212484
-2.259979 0.216099
-2.249979 0.219741
-2.239979 0.223411
-2.229979 0.227108
-2.219979 0.230831
-2.209979 0.234581
-2.199979 0.238357
-2.189979 0.242159
-2.179979 0.245985
-2.169979 0.249836
-2.159979 0.253712
-2.149979 0.257612
-2.139979 0.261535
-2.129979 0.265481
-2.119979 0.269450
-2.109979 0.273442
-2.099979 0.277456
-2.089979 0.281491
-2.079979 0.285548
-2.069979 0.289625
-2.059979 0.293723
-2.049979 0.297841
-2.039979 0.301979
-2.029979 0.306136
-2.019979 0.310312
-2.009979 0.314507
-1.999979 0.318719
-1.989979 0.322950
-1.979979 0.327197
-1.969979 0.331462
-1.959979 0.335744
-1.949979 0.340041
-1.939979 0.344355
-1.929979 0.348683
-1.919979 0.353027
-1.909979 0.357386
-1.899979 0.361759
-1.889979 0.366145
-1.879979 0.370545
-1.869979 0.374959
-1.859979 0.379385
-1.849979 0.383823
-1.839979 0.388273
-1.829979 0.392735
-1.819979 0.397208
-1.809979 0.401691
-1.799979 0.406186
-1.789979 0.410690
-1.779979 0.415203
-1.769979 0.419726
-1.759979 0.424258
-1.749979 0.428798
-1.739980 0.433346
-1.729980 0.437902
-1.719980 0.442465
-1.709980 0.447035
-1.699980 0.451611
-1.689980 0.456194
-1.679980 0.460782
-1.669980 0.465375
-1.659980 0.469974
-1.649980 0.474577
-1.639980 0.479184
-1.629980 0.483795
-1.619980 0.488409
-1.609980 0.493027
-1.599980 0.497647
-1.589980 0.502269
-1.579980 0.506893
-1.569980 0.511518
-1.559980 0.516145
-1.549980 0.520772
-1.539980 0.525399
-1.529980 0.530026
-1.519980 0.534653
-1.509980 0.539279
-1.499980 0.543903
-1.489980 0.548526
-1.479980 0.553147
-1.469980 0.557766
-1.459980 0.562381
-1.449980 0.566993
-1.439980 0.571602
-1.429980 0.576207
-1.419980 0.580807
-1.409980 0.585403
-1.399980 0.589993
-1.389980 0.594578
-1.379980 0.599156
-1.369980 0.603729
-1.359980 0.608295
-1.349980 0.612853
-1.339980 0.617405
-1.329980 0.621948
-1.319980 0.626483
-1.309980 0.631009
-1.299980 0.635526
-1.289980 0.640034
-1.279980 0.644532
-1.269980 0.649020
-1.259980 0.653497
-1.249980 0.657963
-1.239980 0.662418
-1.229980 0.666861
-1.219980 0.671291
-1.209980 0.675710
-1.199980 0.680115
-1.189980 0.684507
-1.179980 0.688885
-1.169980 0.693249
-1.159980 0.697599
-1.149980 0.701933
-1.139980 0.706253
-1.129980 0.710557
-1.119980 0.714844
-1.109980 0.719116
-1.099980 0.723370
-1.089980 0.727607
-1.079980 0.731827
-1.069980 0.736028
-1.059980 0.740212
-1.049980 0.744376
-1.039980 0.748521
-1.029980 0.752647
-1.019980 0.756753
-1.009980 0.760838
-0.999980 0.764903
-0.989980 0.768947
-0.979980 0.772969
-0.969980 0.776969
-0.959980 0.780947
-0.949980 0.784902
-0.939980 0.788834
-0.929980 0.792743
-0.919980 0.796628
-0.909980 0.800489
-0.899980 0.804325
-0.889980 0.808136
-0.879980 0.811922
-0.869980 0.815682
-0.859980 0.819416
-0.849980 0.823123
-0.839980 0.826803
-0.829980 0.830456
-0.819980 0.834082
-0.809980 0.837679
-0.799980 0.841247
-0.789980 0.844787
-0.779980 0.848298
-0.769980 0.851779
-0.759980 0.855230
-0.749980 0.858650
-0.739980 0.862040
-0.729980 0.865398
-0.719980 0.868725
-0.709980 0.872019
-0.699980 0.875282
-0.689981 0.878511
-0.679981 0.881708
-0.669981 0.884871
-0.659981 0.888000
-0.649981 0.891094
-0.639981 0.894154
-0.629981 0.897179
-0.619981 0.900168
-0.609981 0.903122
-0.599981 0.906039
-0.589981 0.908920
-0.579981 0.911763
-0.569981 0.914569
-0.559981 0.917337
-0.549981 0.920067
-0.539981 0.922759
-0.529981 0.925411
-0.519981 0.928024
-0.509981 0.930598
-0.499981 0.933131
-0.489981 0.935623
-0.479981 0.938075
-0.469981 0.940485
-0.459981 0.942854
-0.449981 0.945180
-0.439981 0.947464
-0.429981 0.949706
-0.419981 0.951904
-0.409981 0.954058
-0.399981 0.956168
-0.389981 0.958234
-0.379981 0.960255
-0.369981 0.962230
-0.359981 0.964161
-0.349981 0.966045
-0.339981 0.967883
-0.329981 0.969674
-0.319981 0.971418
-0.309981 0.973114
-0.299981 0.974762
-0.289981 0.976363
-0.279981 0.977914
-0.269981 0.979416
-0.259981 0.980869
-0.249981 0.982272
-0.239981 0.983625
-0.229981 0.984927
-0.219981 0.986178
-0.209981 0.987377
-0.199981 0.988525
-0.189981 0.989620
-0.179981 0.990664
-0.169981 0.991653
-0.159981 0.992590
-0.149981 0.993473
-0.139981 0.994301
-0.129981 0.995076
-0.119981 0.995795
-0.109981 0.996459
-0.099981 0.997067
-0.089981 0.997619
-0.079981 0.998115
-0.069981 0.998554
-0.059981 0.998935
-0.049981 0.999259
-0.039981 0.999525
-0.029981 0.999732
-0.019981 0.999881
-0.009981 0.999970
0.000019 1.000000
0.010019 0.999970
0.020019 0.999880
0.030019 0.999731
0.040019 0.999524
0.050019 0.999258
0.060019 0.998934
0.070019 0.998552
0.080019 0.998113
0.090019 0.997617
0.100019 0.997065
0.110019 0.996456
0.120019 0.995792
0.130019 0.995073
0.140019 0.994298
0.150019 0.993470
0.160019 0.992586
0.170019 0.991650
0.180019 0.990660
0.190019 0.989616
0.200019 0.988521
0.210019 0.987373
0.220019 0.986173
0.230019 0.984922
0.240019 0.983620
0.250019 0.982267
0.260019 0.980863
0.270019 0.979411
0.280019 0.977908
0.290019 0.976356
0.300019 0.974756
0.310019 0.973108
0.320019 0.971411
0.330019 0.969667
0.340019 0.967876
0.350019 0.966038
0.360019 0.964153
0.370019 0.962223
0.380019 0.960247
0.390019 0.958226
0.400019 0.956160
0.410019 0.954050
0.420019 0.951895
0.430019 0.949697
0.440019 0.947456
0.450019 0.945172
0.460019 0.942845
0.470019 0.940476
0.480019 0.938066
0.490019 0.935614
0.500019 0.933121
0.510019 0.930588
0.520019 0.928015
0.530019 0.925401
0.540019 0.922749
0.550019 0.920057
0.560019 0.917327
0.570019 0.914559
0.580019 0.911752
0.590019 0.908909
0.600019 0.906028
0.610019 0.903111
0.620019 0.900157
0.630019 0.897168
0.640019 0.894143
0.650019 0.891083
0.660019 0.887988
0.670019 0.884859
0.680019 0.881696
0.690019 0.878499
0.700019 0.875269
0.710019 0.872007
0.720019 0.868712
0.730019 0.865385
0.740019 0.862027
0.750019 0.858637
0.760019 0.855216
0.770019 0.851765
0.780019 0.848285
0.790019 0.844774
0.800019 0.841234
0.810019 0.837665
0.820019 0.834068
0.830019 0.830442
0.840019 0.826789
0.850019 0.823109
0.860019 0.819401
0.870019 0.815668
0.880019 0.811907
0.890019 0.808122
0.900019 0.804310
0.910019 0.800474
0.920019 0.796613
0.930019 0.792728
0.940019 0.788819
0.950019 0.784887
0.960019 0.780932
0.970019 0.776954
0.980018 0.772953
0.990018 0.768931
1.000018 0.764887
1.010018 0.760823
1.020018 0.756737
1.030018 0.752631
1.040018 0.748505
1.050018 0.744360
1.060018 0.740196
1.070018 0.736012
1.080018 0.731811
1.090018 0.727591
1.100018 0.723354
1.110018 0.719099
1.120018 0.714828
1.130018 0.710540
1.140018 0.706236
1.150018 0.701917
1.160018 0.697582
1.170018 0.693232
1.180018 0.688868
1.190018 0.684490
1.200018 0.680098
1.210018 0.675693
1.220018 0.671274
1.230018 0.666844
1.240018 0.662401
1.250018 0.657946
1.260018 0.653480
1.270018 0.649003
1.280018 0.644515
1.290018 0.640017
1.300018 0.635509
1.310018 0.630992
1.320018 0.626465
1.330018 0.621930
1.340018 0.617387
1.350018 0.612836
1.360018 0.608277
1.370018 0.603711
1.380018 0.599139
1.390018 0.594560
1.400018 0.589975
1.410018 0.585385
1.420018 0.580789
1.430018 0.576189
1.440018 0.571584
1.450018 0.566976
1.460018 0.562363
1.470018 0.557748
1.480018 0.553129
1.490018 0.548509
1.500018 0.543886
1.510018 0.539261
1.520018 0.534635
1.530018 0.530008
1.540018 0.525381
1.550018 0.520754
1.560018 0.516127
1.570018 0.511500
1.580018 0.506875
1.590018 0.502251
1.600018 0.497629
1.610018 0.493009
1.620018 0.488392
1.630018 0.483777
1.640018 0.479166
1.650018 0.474559
1.660018 0.469956
1.670018 0.465358
1.680018 0.460764
1.690018 0.456176
1.700018 0.451594
1.710018 0.447017
1.720018 0.442447
1.730018 0.437884
1.740018 0.433328
1.750018 0.428780
1.760018 0.424240
1.770018 0.419709
1.780018 0.415186
1.790018 0.410672
1.800018 0.406168
1.810018 0.401674
1.820018 0.397191
1.830018 0.392718
1.840018 0.388256
1.850018 0.383806
1.860018 0.379368
1.870018 0.374942
1.880018 0.370529
1.890018 0.366128
1.900018 0.361742
1.910018 0.357369
1.920018 0.353011
1.930018 0.348667
1.940018 0.344338
1.950018 0.340025
1.960018 0.335727
1.970018 0.331446
1.980018 0.327181
1.990018 0.322933
2.000018 0.318703
2.010018 0.314490
2.020018 0.310296
2.030018 0.306120
2.040018 0.301963
2.050018 0.297825
2.060018 0.293707
2.070018 0.289609
2.080018 0.285532
2.090018 0.281476
2.100018 0.277440
2.110018 0.273427
2.120018 0.269435
2.130018 0.265466
2.140018 0.261520
2.150017 0.257597
2.160017 0.253697
2.170017 0.249822
2.180017 0.245970
2.190017 0.242144
2.200017 0.238343
2.210017 0.234567
2.220017 0.230817
2.230017 0.227094
2.240017 0.223397
2.250017 0.219727
2.260017 0.216085
2.270017 0.212471
2.280017 0.208884
2.290017 0.205327
2.300017 0.201799
2.310017 0.198300
2.320017 0.194830
2.330017 0.191391
2.340017 0.187983
2.350017 0.184606
2.360017 0.181260
2.370017 0.177945
2.380017 0.174663
2.390017 0.171414
2.400017 0.168197
2.410017 0.165013
2.420017 0.161864
2.430017 0.158748
2.440017 0.155667
2.450017 0.152621
2.460017 0.149610
2.470017 0.146634
2.480017 0.143695
2.490017 0.140792
2.500017 0.137926
2.510017 0.135097
2.520017 0.132305
2.530017 0.129550
2.540017 0.126831
2.550017 0.124149
2.560017 0.121503
2.570017 0.118892
2.580017 0.116318
2.590017 0.113779
2.600017 0.111275
2.610017 0.108806
2.620017 0.106373
2.630017 0.103974
2.640017 0.101609
2.650017 0.099278
2.660017 0.096982
2.670017 0.094719
2.680017 0.092490
2.690017 0.090295
2.700017 0.088132
2.710017 0.086003
2.720017 0.083906
2.730017 0.081842
2.740017 0.079810
2.750017 0.077811
2.760017 0.075843
2.770017 0.073907
2.780017 0.072003
2.790017 0.070129
2.800017 0.068287
2.810017 0.066476
2.820017 0.064695
2.830017 0.062945
2.840017 0.061225
2.850017 0.059535
2.860017 0.057875
2.870017 0.056244
2.880017 0.054643
2.890017 0.053071
2.900017 0.051528
2.910017 0.050013
2.920017 0.048528
2.930017 0.047070
2.940017 0.045641
2.950017 0.044239
2.960017 0.042866
2.970017 0.041519
2.980017 0.040200
2.990017 0.038908
3.000017 0.037643
3.010017 0.036405
3.020017 0.035193
3.030017 0.034007
3.040017 0.032847
3.050017 0.031713
3.060017 0.030605
3.070017 0.029522
3.080017 0.028464
3.090017 0.027431
3.100017 0.026423
3.110017 0.025439
3.120017 0.024480
3.130017 0.023544
3.140017 0.022633
3.150017 0.021745
3.160017 0.020881
3.170017 0.020040
3.180017 0.019222
3.190017 0.018427
3.200016 0.017654
3.210016 0.016904
3.220016 0.016177
3.230016 0.015471
3.240016 0.014787
3.250016 0.014124
3.260016 0.013483
3.270016 0.012863
3.280016 0.012264
3.290016 0.011685
3.300016 0.011128
3.310016 0.010590
3.320016 0.010073
3.330016 0.009575
3.340016 0.009097
3.350016 0.008639
3.360016 0.008199
3.370016 0.007779
3.380016 0.007378
3.390016 0.006995
3.400016 0.006631
3.410016 0.006285
3.420016 0.005957
3.430016 0.005646
3.440016 0.005353
3.450016 0.005078
3.460016 0.004819
3.470016 0.004578
3.480016 0.004353
3.490016 0.004145
3.500016 0.003953
3.510016 0.003777
3.520016 0.003617
3.530016 0.003473
3.540016 0.003344
3.550016 0.003230
3.560016 0.003132
3.570016 0.003048
3.580016 0.002979
3.590016 0.002924
3.600016 0.002883
3.610016 0.002857
3.620016 0.002844
3.630016 0.002844
3.640016 0.002858
3.650016 0.002885
3.660016 0.002925
3.670016 0.002978
3.680016 0.003043
3.690016 0.003120
3.700016 0.003210
3.710016 0.003311
3.720016 0.003424
3.730016 0.003549
3.740016 0.003684
3.750016 0.003831
3.760016 0.003988
3.770016 0.004156
3.780016 0.004335
3.790016 0.004524
3.800016 0.004722
3.810016 0.004930
3.820016 0.005148
3.830016 0.005375
3.840016 0.005612
3.850016 0.005857
3.860016 0.006110
3.870016 0.006373
3.880016 0.006643
3.890016 0.006922
3.900016 0.007208
3.910016 0.007503
3.920016 0.007804
3.930016 0.008113
3.940016 0.008428
3.950016 0.008751
3.960016 0.009080
3.970016 0.009415
3.980016 0.009757
3.990016 0.010105
4.000016 0.010458
4.010016 0.010817
4.020016 0.011181
4.030016 0.011550
4.040017 0.011924
4.050017 0.012303
4.060017 0.012686
4.070017 0.013073
4.080018 0.013465
4.090018 0.013860
4.100018 0.014259
4.110018 0.014662
4.120018 0.015067
4.130019 0.015476
4.140019 0.015887
4.150019 0.016301
4.160019 0.016717
4.170020 0.017136
4.180020 0.017556
4.190020 0.017978
4.200020 0.018401
4.210021 0.018826
4.220021 0.019252
4.230021 0.019679
4.240021 0.020106
4.250021 0.020534
4.260022 0.020962
4.270022 0.021391
4.280022 0.021819
4.290022 0.022246
4.300023 0.022673
4.310023 0.023099
4.320023 0.023524
4.330023 0.023948
4.340024 0.024371
4.350024 0.024792
4.360024 0.025210
4.370024 0.025627
4.380024 0.026042
4.390025 0.026454
4.400025 0.026863
4.410025 0.027269
4.420025 0.027673
4.430026 0.028073
4.440026 0.028469
4.450026 0.028861
4.460026 0.029250
4.470026 0.029634
4.480027 0.030014
4.490027 0.030390
4.500027 0.030760
4.510027 0.031126
4.520028 0.031486
4.530028 0.031841
4.540028 0.032190
4.550028 0.032533
4.560029 0.032870
4.570029 0.033201
4.580029 0.033525
4.590029 0.033843
4.600029 0.034153
4.610030 0.034457
4.620030 0.034753
4.630030 0.035041
4.640030 0.035322
4.650031 0.035595
4.660031 0.035859
4.670031 0.036115
4.680031 0.036363
4.690032 0.036602
4.700032 0.036831
4.710032 0.037051
4.720032 0.037262
4.730032 0.037463
4.740033 0.037655
4.750033 0.037836
4.760033 0.038007
4.770033 0.038167
4.780034 0.038316
4.790034 0.038455
4.800034 0.038582
4.810034 0.038698
4.820035 0.038803
4.830035 0.038896
4.840035 0.038976
4.850035 0.039045
4.860035 0.039101
4.870036 0.039144
4.880036 0.039175
4.890036 0.039192
4.900036 0.039196
4.910037 0.039187
4.920037 0.039164
4.930037 0.039127
4.940037 0.039076
4.950037 0.039010
4.960038 0.038930
4.970038 0.038836
4.980038 0.038726
4.990038 0.038601


-5.000000 0.038462
-4.990000 0.038606
-4.980000 0.038744
-4.969999 0.038876
-4.959999 0.039001
-4.949999 0.039119
-4.939999 0.039232
-4.929998 0.039339
-4.919998 0.039440
-4.909998 0.039535
-4.899998 0.039624
-4.889997 0.039708
-4.879997 0.039787
-4.869997 0.039860
-4.859997 0.039928
-4.849997 0.039992
-4.839996 0.040050
-4.829996 0.040103
-4.819996 0.040152
-4.809996 0.040197
-4.799995 0.040237
-4.789995 0.040273
-4.779995 0.040305
-4.769995 0.040332
-4.759995 0.040356
-4.749994 0.040376
-4.739994 0.040393
-4.729994 0.040406
-4.719994 0.040415
-4.709993 0.040422
-4.699993 0.040425
-4.689993 0.040425
-4.679993 0.040423
-4.669992 0.040418
-4.659992 0.040410
-4.649992 0.040399
-4.639992 0.040386
-4.629992 0.040371
-4.619991 0.040354
-4.609991 0.040335
-4.599991 0.040314
-4.589991 0.040291
-4.579990 0.040267
-4.569990 0.040241
-4.559990 0.040214
-4.549990 0.040185
-4.539989 0.040155
-4.529989 0.040125
-4.519989 0.040093
-4.509989 0.040061
-4.499989 0.040028
-4.489988 0.039995
-4.479988 0.039961
-4.469988 0.039928
-4.459988 0.039893
-4.449987 0.039859
-4.439987 0.039826
-4.429987 0.039792
-4.419987 0.039759
-4.409986 0.039726
-4.399986 0.039694
-4.389986 0.039663
-4.379986 0.039632
-4.369986 0.039603
-4.359985 0.039575
-4.349985 0.039548
-4.339985 0.039522
-4.329985 0.039498
-4.319984 0.039475
-4.309984 0.039455
-4.299984 0.039436
-4.289984 0.039419
-4.279984 0.039404
-4.269983 0.039392
-4.259983 0.039382
-4.249983 0.039375
-4.239983 0.039370
-4.229982 0.039368
-4.219982 0.039368
-4.209982 0.039372
-4.199982 0.039379
-4.189981 0.039389
-4.179981 0.039403
-4.169981 0.039420
-4.159981 0.039441
-4.149981 0.039466
-4.139980 0.039494
-4.129980 0.039527
-4.119980 0.039563
-4.109980 0.039604
-4.099979 0.039649
-4.089979 0.039699
-4.079979 0.039754
-4.069979 0.039813
-4.059978 0.039877
-4.049978 0.039946
-4.039978 0.040020
-4.029978 0.040100
-4.019978 0.040185
-4.009977 0.040275
-3.999977 0.040372
-3.989977 0.040473
-3.979977 0.040581
-3.969977 0.040695
-3.959977 0.040815
-3.949977 0.040941
-3.939977 0.041074
-3.929977 0.041213
-3.919977 0.041359
-3.909977 0.041511
-3.899977 0.041671
-3.889977 0.041837
-3.879977 0.042011
-3.869977 0.042192
-3.859977 0.042380
-3.849977 0.042576
-3.839978 0.042780
-3.829978 0.042991
-3.819978 0.043210
-3.809978 0.043437
-3.799978 0.043673
-3.789978 0.043916
-3.779978 0.044168
-3.769978 0.044429
-3.759978 0.044698
-3.749978 0.044976
-3.739978 0.045263
-3.729978 0.045559
-3.719978 0.045864
-3.709978 0.046179
-3.699978 0.046502
-3.689978 0.046836
-3.679978 0.047179
-3.669978 0.047531
-3.659978 0.047894
-3.649978 0.048267
-3.639978 0.048649
-3.629978 0.049042
-3.619978 0.049446
-3.609978 0.049860
-3.599978 0.050285
-3.589978 0.050720
-3.579978 0.051167
-3.569978 0.051624
-3.559978 0.052092
-3.549978 0.052572
-3.539978 0.053064
-3.529978 0.053566
-3.519978 0.054081
-3.509978 0.054607
-3.499978 0.055145
-3.489978 0.055695
-3.479978 0.056258
-3.469978 0.056832
-3.459978 0.057419
-3.449978 0.058019
-3.439978 0.058631
-3.429978 0.059256
-3.419978 0.059894
-3.409978 0.060545
-3.399978 0.061209
-3.389978 0.061886
-3.379978 0.062577
-3.369978 0.063282
-3.359978 0.064000
-3.349978 0.064731
-3.339978 0.065477
-3.329978 0.066237
-3.319978 0.067011
-3.309978 0.067799
-3.299978 0.068602
-3.289978 0.069419
-3.279978 0.070251
-3.269978 0.071097
-3.259978 0.071959
-3.249978 0.072835
-3.239978 0.073727
-3.229978 0.074634
-3.219978 0.075556
-3.209978 0.076494
-3.199978 0.077448
-3.189978 0.078417
-3.179978 0.079403
-3.169978 0.080404
-3.159978 0.081422
-3.149978 0.082455
-3.139978 0.083506
-3.129978 0.084572
-3.119978 0.085656
-3.109978 0.086756
-3.099978 0.087873
-3.089978 0.089007
-3.079978 0.090159
-3.069978 0.091327
-3.059978 0.092514
-3.049978 0.093717
-3.039978 0.094938
-3.029978 0.096178
-3.019978 0.097435
-3.009978 0.098710
-2.999978 0.100003
-2.989978 0.101314
-2.979978 0.102644
-2.969978 0.103991
-2.959978 0.105357
-2.949978 0.106740
-2.939978 0.108140
-2.929978 0.109558
-2.919978 0.110993
-2.909978 0.112444
-2.899978 0.113913
-2.889978 0.115398
-2.879978 0.116899
-2.869978 0.118417
-2.859978 0.119951
-2.849978 0.121501
-2.839978 0.123066
-2.829978 0.124647
-2.819978 0.126244
-2.809978 0.127856
-2.799978 0.129482
-2.789979 0.131124
-2.779979 0.132780
-2.769979 0.134451
-2.759979 0.136137
-2.749979 0.137836
-2.739979 0.139550
-2.729979 0.141278
-2.719979 0.143019
-2.709979 0.144774
-2.699979 0.146542
-2.689979 0.148323
-2.679979 0.150118
-2.669979 0.151925
-2.659979 0.153745
-2.649979 0.155577
-2.639979 0.157422
-2.629979 0.159279
-2.619979 0.161148
-2.609979 0.163029
-2.599979 0.164921
-2.589979 0.166826
-2.579979 0.168741
-2.569979 0.170667
-2.559979 0.172605
-2.549979 0.174553
-2.539979 0.176512
-2.529979 0.178482
-2.519979 0.180462
-2.509979 0.182452
-2.499979 0.184451
-2.489979 0.186461
-2.479979 0.188481
-2.469979 0.190509
-2.459979 0.192548
-2.449979 0.194595
-2.439979 0.196651
-2.429979 0.198716
-2.419979 0.200790
-2.409979 0.202872
-2.399979 0.204962
-2.389979 0.207061
-2.379979 0.209167
-2.369979 0.211281
-2.359979 0.213403
-2.349979 0.215532
-2.339979 0.217669
-2.329979 0.219812
-2.319979 0.221963
-2.309979 0.224120
-2.299979 0.226284
-2.289979 0.228454
-2.279979 0.230630
-2.269979 0.232813
-2.259979 0.235001
-2.249979 0.237195
-2.239979 0.239395
-2.229979 0.241600
-2.219979 0.243810
-2.209979 0.246026
-2.199979 0.248246
-2.189979 0.250471
-2.179979 0.252701
-2.169979 0.254934
-2.159979 0.257172
-2.149979 0.259415
-2.139979 0.261661
-2.129979 0.263910
-2.119979 0.266163
-2.109979 0.268420
-2.099979 0.270680
-2.089979 0.272943
-2.079979 0.275208
-2.069979 0.277476
-2.059979 0.279747
-2.049979 0.282020
-2.039979 0.284296
-2.029979 0.286573
-2.019979 0.288852
-2.009979 0.291133
-1.999979 0.293415
-1.989979 0.295699
-1.979979 0.297983
-1.969979 0.300269
-1.959979 0.302556
-1.949979 0.304843
-1.939979 0.307130
-1.929979 0.309418
-1.919979 0.311706
-1.909979 0.313994
-1.899979 0.316282
-1.889979 0.318570
-1.879979 0.320856
-1.869979 0.323143
-1.859979 0.325428
-1.849979 0.327712
-1.839979 0.329995
-1.829979 0.332277
-1.819979 0.334557
-1.809979 0.336835
-1.799979 0.339111
-1.789979 0.341386
-1.779979 0.343658
-1.769979 0.345927
-1.759979 0.348194
-1.749979 0.350458
-1.739980 0.352720
-1.729980 0.354978
-1.719980 0.357233
-1.709980 0.359485
-1.699980 0.361733
-1.689980 0.363977
-1.679980 0.366217
-1.669980 0.368453
-1.659980 0.370685
-1.649980 0.372912
-1.639980 0.375135
-1.629980 0.377353
-1.619980 0.379566
-1.609980 0.381774
-1.599980 0.383976
-1.589980 0.386173
-1.579980 0.388365
-1.569980 0.390550
-1.559980 0.392730
-1.549980 0.394903
-1.539980 0.397071
-1.529980 0.399231
-1.519980 0.401385
-1.509980 0.403533
-1.499980 0.405673
-1.489980 0.407806
-1.479980 0.409931
-1.469980 0.412049
-1.459980 0.414160
-1.449980 0.416263
-1.439980 0.418357
-1.429980 0.420444
-1.419980 0.422522
-1.409980 0.424591
-1.399980 0.426652
-1.389980 0.428704
-1.379980 0.430747
-1.369980 0.432781
-1.359980 0.434805
-1.349980 0.436820
-1.339980 0.438825
-1.329980 0.440820
-1.319980 0.442805
-1.309980 0.444780
-1.299980 0.446745
-1.289980 0.448698
-1.279980 0.450642
-1.269980 0.452574
-1.259980 0.454495
-1.249980 0.456405
-1.239980 0.458304
-1.229980 0.460191
-1.219980 0.462066
-1.209980 0.463929
-1.199980 0.465780
-1.189980 0.467619
-1.179980 0.469446
-1.169980 0.471260
-1.159980 0.473061
-1.149980 0.474849
-1.139980 0.476624
-1.129980 0.478386
-1.119980 0.480134
-1.109980 0.481869
-1.099980 0.483590
-1.089980 0.485297
-1.079980 0.486990
-1.069980 0.488668
-1.059980 0.490332
-1.049980 0.491982
-1.039980 0.493616
-1.029980 0.495236
-1.019980 0.496840
-1.009980 0.498429
-0.999980 0.500003
-0.989980 0.501561
-0.979980 0.503103
-0.969980 0.504630
-0.959980 0.506141
-0.949980 0.507637
-0.939980 0.509116
-0.929980 0.510580
-0.919980 0.512029
-0.909980 0.513462
-0.899980 0.514879
-0.889980 0.516280
-0.879980 0.517666
-0.869980 0.519036
-0.859980 0.520391
-0.849980 0.521729
-0.839980 0.523053
-0.829980 0.524360
-0.819980 0.525652
-0.809980 0.526928
-0.799980 0.528189
-0.789980 0.529433
-0.779980 0.530663
-0.769980 0.531876
-0.759980 0.533074
-0.749980 0.534256
-0.739980 0.535423
-0.729980 0.536574
-0.719980 0.537709
-0.709980 0.538829
-0.699980 0.539932
-0.689981 0.541021
-0.679981 0.542093
-0.669981 0.543150
-0.659981 0.544192
-0.649981 0.545217
-0.639981 0.546227
-0.629981 0.547221
-0.619981 0.548200
-0.609981 0.549163
-0.599981 0.550111
-0.589981 0.551042
-0.579981 0.551958
-0.569981 0.552859
-0.559981 0.553743
-0.549981 0.554612
-0.539981 0.555466
-0.529981 0.556303
-0.519981 0.557126
-0.509981 0.557932
-0.499981 0.558723
-0.489981 0.559498
-0.479981 0.560257
-0.469981 0.561001
-0.459981 0.561729
-0.449981 0.562441
-0.439981 0.563138
-0.429981 0.563819
-0.419981 0.564485
-0.409981 0.565135
-0.399981 0.565769
-0.389981 0.566387
-0.379981 0.566990
-0.369981 0.567577
-0.359981 0.568149
-0.349981 0.568705
-0.339981 0.569245
-0.329981 0.569770
-0.319981 0.570278
-0.309981 0.570772
-0.299981 0.571249
-0.289981 0.571711
-0.279981 0.572157
-0.269981 0.572588
-0.259981 0.573003
-0.249981 0.573402
-0.239981 0.573786
-0.229981 0.574154
-0.219981 0.574506
-0.209981 0.574843
-0.199981 0.575164
-0.189981 0.575469
-0.179981 0.575759
-0.169981 0.576033
-0.159981 0.576291
-0.149981 0.576534
-0.139981 0.576761
-0.129981 0.576972
-0.119981 0.577168
-0.109981 0.577348
-0.099981 0.577512
-0.089981 0.577661
-0.079981 0.577794
-0.069981 0.577911
-0.059981 0.578013
-0.049981 0.578099
-0.039981 0.578170
-0.029981 0.578224
-0.019981 0.578264
-0.009981 0.578287
0.000019 0.578295
0.010019 0.578287
0.020019 0.578263
0.030019 0.578224
0.040019 0.578169
0.050019 0.578099
0.060019 0.578013
0.070019 0.577911
0.080019 0.577793
0.090019 0.577660
0.100019 0.577512
0.110019 0.577347
0.120019 0.577167
0.130019 0.576971
0.140019 0.576760
0.150019 0.576533
0.160019 0.576290
0.170019 0.576032
0.180019 0.575758
0.190019 0.575468
0.200019 0.575162
0.210019 0.574841
0.220019 0.574505
0.230019 0.574152
0.240019 0.573784
0.250019 0.573401
0.260019 0.573001
0.270019 0.572586
0.280019 0.572156
0.290019 0.571709
0.300019 0.571247
0.310019 0.570770
0.320019 0.570276
0.330019 0.569768
0.340019 0.569243
0.350019 0.568703
0.360019 0.568147
0.370019 0.567575
0.380019 0.566988
0.390019 0.566385
0.400019 0.565766
0.410019 0.565132
0.420019 0.564482
0.430019 0.563817
0.440019 0.563136
0.450019 0.562439
0.460019 0.561726
0.470019 0.560998
0.480019 0.560254
0.490019 0.559495
0.500019 0.558720
0.510019 0.557929
0.520019 0.557122
0.530019 0.556300
0.540019 0.555462
0.550019 0.554609
0.560019 0.553740
0.570019 0.552855
0.580019 0.551955
0.590019 0.551039
0.600019 0.550107
0.610019 0.549160
0.620019 0.548196
0.630019 0.547218
0.640019 0.546223
0.650019 0.545213
0.660019 0.544188
0.670019 0.543146
0.680019 0.542089
0.690019 0.541017
0.700019 0.539928
0.710019 0.538824
0.720019 0.537705
0.730019 0.536569
0.740019 0.535418
0.750019 0.534252
0.760019 0.533069
0.770019 0.531872
0.780019 0.530658
0.790019 0.529429
0.800019 0.528184
0.810019 0.526923
0.820019 0.525647
0.830019 0.524355
0.840019 0.523048
0.850019 0.521724
0.860019 0.520385
0.870019 0.519031
0.880019 0.517661
0.890019 0.516275
0.900019 0.514873
0.910019 0.513456
0.920019 0.512023
0.930019 0.510575
0.940019 0.509111
0.950019 0.507631
0.960019 0.506136
0.970019 0.504624
0.980018 0.503098
0.990018 0.501555
1.000018 0.499997
1.010018 0.498423
1.020018 0.496834
1.030018 0.495230
1.040018 0.493610
1.050018 0.491975
1.060018 0.490326
1.070018 0.488662
1.080018 0.486983
1.090018 0.485290
1.100018 0.483583
1.110018 0.481862
1.120018 0.480128
1.130018 0.478379
1.140018 0.476617
1.150018 0.474842
1.160018 0.473054
1.170018 0.471253
1.180018 0.469439
1.190018 0.467612
1.200018 0.465773
1.210018 0.463922
1.220018 0.462059
1.230018 0.460183
1.240018 0.458296
1.250018 0.456398
1.260018 0.454488
1.270018 0.452567
1.280018 0.450634
1.290018 0.448691
1.300018 0.446737
1.310018 0.444772
1.320018 0.442798
1.330018 0.440812
1.340018 0.438817
1.350018 0.436812
1.360018 0.434797
1.370018 0.432773
1.380018 0.430739
1.390018 0.428696
1.400018 0.426644
1.410018 0.424583
1.420018 0.422514
1.430018 0.420436
1.440018 0.418349
1.450018 0.416255
1.460018 0.414152
1.470018 0.412041
1.480018 0.409923
1.490018 0.407798
1.500018 0.405665
1.510018 0.403524
1.520018 0.401377
1.530018 0.399223
1.540018 0.397062
1.550018 0.394895
1.560018 0.392722
1.570018 0.390542
1.580018 0.388356
1.590018 0.386165
1.600018 0.383968
1.610018 0.381765
1.620018 0.379557
1.630018 0.377344
1.640018 0.375126
1.650018 0.372904
1.660018 0.370676
1.670018 0.368444
1.680018 0.366208
1.690018 0.363968
1.700018 0.361724
1.710018 0.359476
1.720018 0.357224
1.730018 0.354969
1.740018 0.352711
1.750018 0.350450
1.760018 0.348186
1.770018 0.345918
1.780018 0.343649
1.790018 0.341377
1.800018 0.339103
1.810018 0.336826
1.820018 0.334548
1.830018 0.332268
1.840018 0.329986
1.850018 0.327703
1.860018 0.325419
1.870018 0.323134
1.880018 0.320848
1.890018 0.318561
1.900018 0.316273
1.910018 0.313986
1.920018 0.311698
1.930018 0.309410
1.940018 0.307122
1.950018 0.304834
1.960018 0.302547
1.970018 0.300260
1.980018 0.297975
1.990018 0.295690
2.000018 0.293406
2.010018 0.291124
2.020018 0.288843
2.030018 0.286564
2.040018 0.284287
2.050018 0.282012
2.060018 0.279739
2.070018 0.277468
2.080018 0.275199
2.090018 0.272934
2.100018 0.270671
2.110018 0.268411
2.120018 0.266155
2.130018 0.263902
2.140018 0.261652
2.150017 0.259406
2.160017 0.257164
2.170017 0.254926
2.180017 0.252692
2.190017 0.250462
2.200017 0.248237
2.210017 0.246017
2.220017 0.243802
2.230017 0.241592
2.240017 0.239386
2.250017 0.237187
2.260017 0.234993
2.270017 0.232804
2.280017 0.230622
2.290017 0.228445
2.300017 0.226275
2.310017 0.224111
2.320017 0.221954
2.330017 0.219804
2.340017 0.217660
2.350017 0.215524
2.360017 0.213395
2.370017 0.211273
2.380017 0.209159
2.390017 0.207052
2.400017 0.204954
2.410017 0.202864
2.420017 0.200782
2.430017 0.198708
2.440017 0.196643
2.450017 0.194587
2.460017 0.192540
2.470017 0.190502
2.480017 0.188473
2.490017 0.186453
2.500017 0.184444
2.510017 0.182444
2.520017 0.180454
2.530017 0.178474
2.540017 0.176505
2.550017 0.174546
2.560017 0.172597
2.570017 0.170660
2.580017 0.168734
2.590017 0.166818
2.600017 0.164914
2.610017 0.163022
2.620017 0.161141
2.630017 0.159272
2.640017 0.157415
2.650017 0.155570
2.660017 0.153738
2.670017 0.151918
2.680017 0.150111
2.690017 0.148316
2.700017 0.146535
2.710017 0.144767
2.720017 0.143012
2.730017 0.141271
2.740017 0.139544
2.750017 0.137830
2.760017 0.136130
2.770017 0.134445
2.780017 0.132774
2.790017 0.131118
2.800017 0.129476
2.810017 0.127849
2.820017 0.126238
2.830017 0.124641
2.840017 0.123060
2.850017 0.121495
2.860017 0.119945
2.870017 0.118411
2.880017 0.116894
2.890017 0.115392
2.900017 0.113907
2.910017 0.112439
2.920017 0.110987
2.930017 0.109552
2.940017 0.108135
2.950017 0.106734
2.960017 0.105352
2.970017 0.103986
2.980017 0.102639
2.990017 0.101309
3.000017 0.099998
3.010017 0.098705
3.020017 0.097430
3.030017 0.096173
3.040017 0.094934
3.050017 0.093713
3.060017 0.092509
3.070017 0.091323
3.080017 0.090154
3.090017 0.089003
3.100017 0.087869
3.110017 0.086752
3.120017 0.085652
3.130017 0.084568
3.140017 0.083502
3.150017 0.082451
3.160017 0.081418
3.170017 0.080400
3.180017 0.079399
3.190017 0.078414
3.200016 0.077444
3.210016 0.076491
3.220016 0.075553
3.230016 0.074630
3.240016 0.073723
3.250016 0.072832
3.260016 0.071955
3.270016 0.071094
3.280016 0.070247
3.290016 0.069416
3.300016 0.068598
3.310016 0.067796
3.320016 0.067008
3.330016 0.066234
3.340016 0.065474
3.350016 0.064729
3.360016 0.063997
3.370016 0.063279
3.380016 0.062575
3.390016 0.061884
3.400016 0.061207
3.410016 0.060542
3.420016 0.059892
3.430016 0.059254
3.440016 0.058629
3.450016 0.058017
3.460016 0.057417
3.470016 0.056830
3.480016 0.056256
3.490016 0.055693
3.500016 0.055143
3.510016 0.054605
3.520016 0.054079
3.530016 0.053564
3.540016 0.053062
3.550016 0.052570
3.560016 0.052091
3.570016 0.051622
3.580016 0.051165
3.590016 0.050718
3.600016 0.050283
3.610016 0.049858
3.620016 0.049444
3.630016 0.049041
3.640016 0.048648
3.650016 0.048265
3.660016 0.047892
3.670016 0.047530
3.680016 0.047177
3.690016 0.046834
3.700016 0.046501
3.710016 0.046177
3.720016 0.045863
3.730016 0.045558
3.740016 0.045262
3.750016 0.044975
3.760016 0.044697
3.770016 0.044428
3.780016 0.044167
3.790016 0.043915
3.800016 0.043672
3.810016 0.043437
3.820016 0.043209
3.830016 0.042990
3.840016 0.042779
3.850016 0.042575
3.860016 0.042380
3.870016 0.042191
3.880016 0.042010
3.890016 0.041837
3.900016 0.041670
3.910016 0.041511
3.920016 0.041358
3.930016 0.041213
3.940016 0.041073
3.950016 0.040941
3.960016 0.040815
3.970016 0.040695
3.980016 0.040581
3.990016 0.040473
4.000016 0.040371
4.010016 0.040275
4.020016 0.040185
4.030016 0.040100
4.040017 0.040020
4.050017 0.039946
4.060017 0.039877
4.070017 0.039813
4.080018 0.039753
4.090018 0.039699
4.100018 0.039649
4.110018 0.039604
4.120018 0.039563
4.130019 0.039526
4.140019 0.039494
4.150019 0.039466
4.160019 0.039441
4.170020 0.039420
4.180020 0.039403
4.190020 0.039389
4.200020 0.039379
4.210021 0.039372
4.220021 0.039368
4.230021 0.039368
4.240021 0.039370
4.250021 0.039375
4.260022 0.039382
4.270022 0.039392
4.280022 0.039404
4.290022 0.039419
4.300023 0.039436
4.310023 0.039455
4.320023 0.039475
4.330023 0.039498
4.340024 0.039522
4.350024 0.039548
4.360024 0.039575
4.370024 0.039603
4.380024 0.039632
4.390025 0.039663
4.400025 0.039694
4.410025 0.039726
4.420025 0.039759
4.430026 0.039792
4.440026 0.039826
4.450026 0.039860
4.460026 0.039894
4.470026 0.039928
4.480027 0.039962
4.490027 0.039995
4.500027 0.040029
4.510027 0.040061
4.520028 0.040094
4.530028 0.040125
4.540028 0.040156
4.550028 0.040185
4.560029 0.040214
4.570029 0.040241
4.580029 0.040267
4.590029 0.040291
4.600029 0.040314
4.610030 0.040335
4.620030 0.040354
4.630030 0.040371
4.640030 0.040386
4.650031 0.040399
4.660031 0.040410
4.670031 0.040418
4.680031 0.040423
4.690032 0.040425
4.700032 0.040425
4.710032 0.040422
4.720032 0.040415
4.730032 0.040406
4.740033 0.040393
4.750033 0.040376
4.760033 0.040356
4.770033 0.040332
4.780034 0.040304
4.790034 0.040273
4.800034 0.040237
4.810034 0.040197
4.820035 0.040152
4.830035 0.040103
4.840035 0.040050
4.850035 0.039991
4.860035 0.039928
4.870036 0.039860
4.880036 0.039786
4.890036 0.039708
4.900036 0.039624
4.910037 0.039534
4.920037 0.039439
4.930037 0.039338
4.940037 0.039232
4.950037 0.039119
4.960038 0.039000
4.970038 0.038875
4.980038 0.038744
4.990038 0.038606


-5.000000 0.038462
-4.990000 0.038609
-4.980000 0.038756
-4.969999 0.038903
-4.959999 0.039049
-4.949999 0.039195
-4.939999 0.039340
-4.929998 0.039485
-4.919998 0.039629
-4.909998 0.039774
-4.899998 0.039918
-4.889997 0.040062
-4.879997 0.040206
-4.869997 0.040350
-4.859997 0.040494
-4.849997 0.040638
-4.839996 0.040782
-4.829996 0.040927
-4.819996 0.041071
-4.809996 0.041216
-4.799995 0.041361
-4.789995 0.041506
-4.779995 0.041652
-4.769995 0.041798
-4.759995 0.041945
-4.749994 0.042092
-4.739994 0.042240
-4.729994 0.042388
-4.719994 0.042537
-4.709993 0.042687
-4.699993 0.042838
-4.689993 0.042989
-4.679993 0.043142
-4.669992 0.043295
-4.659992 0.043449
-4.649992 0.043604
-4.639992 0.043760
-4.629992 0.043917
-4.619991 0.044076
-4.609991 0.044236
-4.599991 0.044397
-4.589991 0.044559
-4.579990 0.044722
-4.569990 0.044887
-4.559990 0.045054
-4.549990 0.045221
-4.539989 0.045391
-4.529989 0.045562
-4.519989 0.045734
-4.509989 0.045909
-4.499989 0.046085
-4.489988 0.046263
-4.479988 0.046442
-4.469988 0.046624
-4.459988 0.046807
-4.449987 0.046992
-4.439987 0.047180
-4.429987 0.047369
-4.419987 0.047561
-4.409986 0.047754
-4.399986 0.047950
-4.389986 0.048148
-4.379986 0.048349
-4.369986 0.048552
-4.359985 0.048757
-4.349985 0.048964
-4.339985 0.049175
-4.329985 0.049387
-4.319984 0.049602
-4.309984 0.049820
-4.299984 0.050041
-4.289984 0.050264
-4.279984 0.050490
-4.269983 0.050719
-4.259983 0.050951
-4.249983 0.051185
-4.239983 0.051423
-4.229982 0.051664
-4.219982 0.051907
-4.209982 0.052154
-4.199982 0.052404
-4.189981 0.052657
-4.179981 0.052914
-4.169981 0.053174
-4.159981 0.053437
-4.149981 0.053703
-4.139980 0.053973
-4.129980 0.054247
-4.119980 0.054524
-4.109980 0.054804
-4.099979 0.055088
-4.089979 0.055376
-4.079979 0.055668
-4.069979 0.055963
-4.059978 0.056262
-4.049978 0.056565
-4.039978 0.056872
-4.029978 0.057183
-4.019978 0.057498
-4.009977 0.057818
-3.999977 0.058141
-3.989977 0.058468
-3.979977 0.058800
-3.969977 0.059135
-3.959977 0.059475
-3.949977 0.059820
-3.939977 0.060169
-3.929977 0.060522
-3.919977 0.060880
-3.909977 0.061242
-3.899977 0.061609
-3.889977 0.061981
-3.879977 0.062357
-3.869977 0.062738
-3.859977 0.063123
-3.849977 0.063513
-3.839978 0.063907
-3.829978 0.064306
-3.819978 0.064709
-3.809978 0.065116
-3.799978 0.065527
-3.789978 0.065942
-3.779978 0.066361
-3.769978 0.066783
-3.759978 0.067210
-3.749978 0.067640
-3.739978 0.068074
-3.729978 0.068511
-3.719978 0.068952
-3.709978 0.069397
-3.699978 0.069844
-3.689978 0.070295
-3.679978 0.070749
-3.669978 0.071205
-3.659978 0.071665
-3.649978 0.072128
-3.639978 0.072594
-3.629978 0.073062
-3.619978 0.073533
-3.609978 0.074007
-3.599978 0.074483
-3.589978 0.074961
-3.579978 0.075442
-3.569978 0.075926
-3.559978 0.076411
-3.549978 0.076899
-3.539978 0.077388
-3.529978 0.077880
-3.519978 0.078373
-3.509978 0.078868
-3.499978 0.079365
-3.489978 0.079864
-3.479978 0.080364
-3.469978 0.080866
-3.459978 0.081369
-3.449978 0.081874
-3.439978 0.082379
-3.429978 0.082886
-3.419978 0.083394
-3.409978 0.083903
-3.399978 0.084413
-3.389978 0.084924
-3.379978 0.085436
-3.369978 0.085948
-3.359978 0.086461
-3.349978 0.086975
-3.339978 0.087489
-3.329978 0.088004
-3.319978 0.088518
-3.309978 0.089033
-3.299978 0.089549
-3.289978 0.090064
-3.279978 0.090579
-3.269978 0.091095
-3.259978 0.091610
-3.249978 0.092125
-3.239978 0.092639
-3.229978 0.093154
-3.219978 0.093667
-3.209978 0.094181
-3.199978 0.094693
-3.189978 0.095205
-3.179978 0.095716
-3.169978 0.096227
-3.159978 0.096736
-3.149978 0.097245
-3.139978 0.097752
-3.129978 0.098258
-3.119978 0.098763
-3.109978 0.099267
-3.099978 0.099769
-3.089978 0.100270
-3.079978 0.100769
-3.069978 0.101267
-3.059978 0.101763
-3.049978 0.102257
-3.039978 0.102749
-3.029978 0.103239
-3.019978 0.103728
-3.009978 0.104214
-2.999978 0.104698
-2.989978 0.105180
-2.979978 0.105659
-2.969978 0.106136
-2.959978 0.106611
-2.949978 0.107083
-2.939978 0.107552
-2.929978 0.108019
-2.919978 0.108483
-2.909978 0.108944
-2.899978 0.109402
-2.889978 0.109857
-2.879978 0.110309
-2.869978 0.110758
-2.859978 0.111203
-2.849978 0.111645
-2.839978 0.112084
-2.829978 0.112519
-2.819978 0.112951
-2.809978 0.113379
-2.799978 0.113803
-2.789979 0.114223
-2.779979 0.114640
-2.769979 0.115052
-2.759979 0.115461
-2.749979 0.115867
-2.739979 0.116271
-2.729979 0.116673
-2.719979 0.117073
-2.709979 0.117473
-2.699979 0.117873
-2.689979 0.118273
-2.679979 0.118674
-2.669979 0.119076
-2.659979 0.119481
-2.649979 0.119888
-2.639979 0.120298
-2.629979 0.120712
-2.619979 0.121131
-2.609979 0.121554
-2.599979 0.121983
-2.589979 0.122418
-2.579979 0.122859
-2.569979 0.123308
-2.559979 0.123764
-2.549979 0.124229
-2.539979 0.124702
-2.529979 0.125185
-2.519979 0.125678
-2.509979 0.126181
-2.499979 0.126695
-2.489979 0.127221
-2.479979 0.127759
-2.469979 0.128310
-2.459979 0.128874
-2.449979 0.129453
-2.439979 0.130045
-2.429979 0.130653
-2.419979 0.131276
-2.409979 0.131915
-2.399979 0.132571
-2.389979 0.133245
-2.379979 0.133936
-2.369979 0.134645
-2.359979 0.135374
-2.349979 0.136122
-2.339979 0.136890
-2.329979 0.137679
-2.319979 0.138489
-2.309979 0.139320
-2.299979 0.140174
-2.289979 0.141051
-2.279979 0.141952
-2.269979 0.142876
-2.259979 0.143825
-2.249979 0.144799
-2.239979 0.145799
-2.229979 0.146825
-2.219979 0.147878
-2.209979 0.148958
-2.199979 0.150067
-2.189979 0.151203
-2.179979 0.152369
-2.169979 0.153565
-2.159979 0.154790
-2.149979 0.156047
-2.139979 0.157335
-2.129979 0.158655
-2.119979 0.160007
-2.109979 0.161392
-2.099979 0.162811
-2.089979 0.164264
-2.079979 0.165751
-2.069979 0.167274
-2.059979 0.168833
-2.049979 0.170428
-2.039979 0.172060
-2.029979 0.173730
-2.019979 0.175437
-2.009979 0.177184
-1.999979 0.178969
-1.989979 0.180794
-1.979979 0.182660
-1.969979 0.184567
-1.959979 0.186515
-1.949979 0.188505
-1.939979 0.190537
-1.929979 0.192613
-1.919979 0.194732
-1.909979 0.196896
-1.899979 0.199105
-1.889979 0.201358
-1.879979 0.203658
-1.869979 0.206005
-1.859979 0.208398
-1.849979 0.210839
-1.839979 0.213329
-1.829979 0.215867
-1.819979 0.218454
-1.809979 0.221092
-1.799979 0.223779
-1.789979 0.226518
-1.779979 0.229309
-1.769979 0.232151
-1.759979 0.235046
-1.749979 0.237995
-1.739980 0.240997
-1.729980 0.244054
-1.719980 0.247166
-1.709980 0.250333
-1.699980 0.253556
-1.689980 0.256836
-1.679980 0.260173
-1.669980 0.263568
-1.659980 0.267022
-1.649980 0.270532
-1.639980 0.274100
-1.629980 0.277724
-1.619980 0.281402
-1.609980 0.285133
-1.599980 0.288917
-1.589980 0.292752
-1.579980 0.296638
-1.569980 0.300573
-1.559980 0.304556
-1.549980 0.308586
-1.539980 0.312663
-1.529980 0.316784
-1.519980 0.320949
-1.509980 0.325157
-1.499980 0.329407
-1.489980 0.333697
-1.479980 0.338027
-1.469980 0.342396
-1.459980 0.346802
-1.449980 0.351245
-1.439980 0.355723
-1.429980 0.360235
-1.419980 0.364780
-1.409980 0.369358
-1.399980 0.373967
-1.389980 0.378605
-1.379980 0.383273
-1.369980 0.387969
-1.359980 0.392691
-1.349980 0.397439
-1.339980 0.402212
-1.329980 0.407008
-1.319980 0.411827
-1.309980 0.416667
-1.299980 0.421528
-1.289980 0.426408
-1.279980 0.431306
-1.269980 0.436222
-1.259980 0.441153
-1.249980 0.446100
-1.239980 0.451061
-1.229980 0.456034
-1.219980 0.461019
-1.209980 0.466016
-1.199980 0.471021
-1.189980 0.476036
-1.179980 0.481058
-1.169980 0.486087
-1.159980 0.491120
-1.149980 0.496159
-1.139980 0.501200
-1.129980 0.506244
-1.119980 0.511289
-1.109980 0.516334
-1.099980 0.521378
-1.089980 0.526420
-1.079980 0.531459
-1.069980 0.536494
-1.059980 0.541523
-1.049980 0.546547
-1.039980 0.551562
-1.029980 0.556570
-1.019980 0.561567
-1.009980 0.566554
-0.999980 0.571530
-0.989980 0.576493
-0.979980 0.581441
-0.969980 0.586375
-0.959980 0.591293
-0.949980 0.596194
-0.939980 0.601077
-0.929980 0.605941
-0.919980 0.610785
-0.909980 0.615607
-0.899980 0.620407
-0.889980 0.625183
-0.879980 0.629935
-0.869980 0.634662
-0.859980 0.639361
-0.849980 0.644033
-0.839980 0.648677
-0.829980 0.653290
-0.819980 0.657872
-0.809980 0.662423
-0.799980 0.666940
-0.789980 0.671424
-0.779980 0.675872
-0.769980 0.680284
-0.759980 0.684658
-0.749980 0.688995
-0.739980 0.693291
-0.729980 0.697547
-0.719980 0.701762
-0.709980 0.705934
-0.699980 0.710062
-0.689981 0.714145
-0.679981 0.718183
-0.669981 0.722173
-0.659981 0.726116
-0.649981 0.730009
-0.639981 0.733852
-0.629981 0.737644
-0.619981 0.741384
-0.609981 0.745070
-0.599981 0.748702
-0.589981 0.752278
-0.579981 0.755798
-0.569981 0.759260
-0.559981 0.762664
-0.549981 0.766008
-0.539981 0.769291
-0.529981 0.772514
-0.519981 0.775677
-0.509981 0.778780
-0.499981 0.781823
-0.489981 0.784805
-0.479981 0.787727
-0.469981 0.790589
-0.459981 0.793390
-0.449981 0.796131
-0.439981 0.798812
-0.429981 0.801433
-0.419981 0.803994
-0.409981 0.806494
-0.399981 0.808934
-0.389981 0.811314
-0.379981 0.813633
-0.369981 0.815892
-0.359981 0.818091
-0.349981 0.820230
-0.339981 0.822309
-0.329981 0.824327
-0.319981 0.826285
-0.309981 0.828183
-0.299981 0.830020
-0.289981 0.831797
-0.279981 0.833515
-0.269981 0.835171
-0.259981 0.836768
-0.249981 0.838304
-0.239981 0.839780
-0.229981 0.841196
-0.219981 0.842551
-0.209981 0.843847
-0.199981 0.845082
-0.189981 0.846256
-0.179981 0.847371
-0.169981 0.848425
-0.159981 0.849419
-0.149981 0.850353
-0.139981 0.851226
-0.129981 0.852040
-0.119981 0.852793
-0.109981 0.853485
-0.099981 0.854118
-0.089981 0.854690
-0.079981 0.855202
-0.069981 0.855654
-0.059981 0.856045
-0.049981 0.856377
-0.039981 0.856648
-0.029981 0.856858
-0.019981 0.857009
-0.009981 0.857099
0.000019 0.857129
0.010019 0.857099
0.020019 0.857008
0.030019 0.856858
0.040019 0.856647
0.050019 0.856376
0.060019 0.856044
0.070019 0.855652
0.080019 0.855200
0.090019 0.854688
0.100019 0.854116
0.110019 0.853483
0.120019 0.852790
0.130019 0.852037
0.140019 0.851223
0.150019 0.850349
0.160019 0.849415
0.170019 0.848421
0.180019 0.847367
0.190019 0.846252
0.200019 0.845077
0.210019 0.843842
0.220019 0.842546
0.230019 0.841190
0.240019 0.839774
0.250019 0.838298
0.260019 0.836762
0.270019 0.835165
0.280019 0.833508
0.290019 0.831791
0.300019 0.830013
0.310019 0.828176
0.320019 0.826278
0.330019 0.824319
0.340019 0.822301
0.350019 0.820222
0.360019 0.818083
0.370019 0.815884
0.380019 0.813624
0.390019 0.811305
0.400019 0.808925
0.410019 0.806484
0.420019 0.803984
0.430019 0.801423
0.440019 0.798802
0.450019 0.796121
0.460019 0.793379
0.470019 0.790578
0.480019 0.787716
0.490019 0.784794
0.500019 0.781811
0.510019 0.778768
0.520019 0.775665
0.530019 0.772502
0.540019 0.769279
0.550019 0.765995
0.560019 0.762651
0.570019 0.759247
0.580019 0.755785
0.590019 0.752265
0.600019 0.748688
0.610019 0.745056
0.620019 0.741370
0.630019 0.737630
0.640019 0.733837
0.650019 0.729994
0.660019 0.726101
0.670019 0.722158
0.680019 0.718167
0.690019 0.714130
0.700019 0.710046
0.710019 0.705918
0.720019 0.701746
0.730019 0.697531
0.740019 0.693275
0.750019 0.688978
0.760019 0.684642
0.770019 0.680267
0.780019 0.675855
0.790019 0.671407
0.800019 0.666923
0.810019 0.662406
0.820019 0.657855
0.830019 0.653272
0.840019 0.648659
0.850019 0.644015
0.860019 0.639343
0.870019 0.634643
0.880019 0.629917
0.890019 0.625165
0.900019 0.620389
0.910019 0.615588
0.920019 0.610766
0.930019 0.605923
0.940019 0.601059
0.950019 0.596176
0.960019 0.591275
0.970019 0.586357
0.980018 0.581422
0.990018 0.576474
1.000018 0.571511
1.010018 0.566535
1.020018 0.561548
1.030018 0.556551
1.040018 0.551543
1.050018 0.546527
1.060018 0.541504
1.070018 0.536475
1.080018 0.531440
1.090018 0.526401
1.100018 0.521359
1.110018 0.516315
1.120018 0.511270
1.130018 0.506225
1.140018 0.501181
1.150018 0.496140
1.160018 0.491101
1.170018 0.486067
1.180018 0.481039
1.190018 0.476017
1.200018 0.471002
1.210018 0.465997
1.220018 0.461000
1.230018 0.456015
1.240018 0.451042
1.250018 0.446081
1.260018 0.441135
1.270018 0.436203
1.280018 0.431288
1.290018 0.426389
1.300018 0.421509
1.310018 0.416649
1.320018 0.411808
1.330018 0.406990
1.340018 0.402193
1.350018 0.397421
1.360018 0.392673
1.370018 0.387951
1.380018 0.383255
1.390018 0.378588
1.400018 0.373949
1.410018 0.369341
1.420018 0.364763
1.430018 0.360218
1.440018 0.355706
1.450018 0.351228
1.460018 0.346785
1.470018 0.342379
1.480018 0.338011
1.490018 0.333681
1.500018 0.329391
1.510018 0.325141
1.520018 0.320933
1.530018 0.316768
1.540018 0.312647
1.550018 0.308571
1.560018 0.304541
1.570018 0.300558
1.580018 0.296623
1.590018 0.292738
1.600018 0.288903
1.610018 0.285119
1.620018 0.281387
1.630018 0.277710
1.640018 0.274087
1.650018 0.270519
1.660018 0.267008
1.670018 0.263555
1.680018 0.260161
1.690018 0.256824
1.700018 0.253544
1.710018 0.250321
1.720018 0.247154
1.730018 0.244042
1.740018 0.240986
1.750018 0.237984
1.760018 0.235035
1.770018 0.232140
1.780018 0.229298
1.790018 0.226508
1.800018 0.223769
1.810018 0.221082
1.820018 0.218444
1.830018 0.215857
1.840018 0.213319
1.850018 0.210830
1.860018 0.208389
1.870018 0.205996
1.880018 0.203650
1.890018 0.201350
1.900018 0.199096
1.910018 0.196888
1.920018 0.194724
1.930018 0.192605
1.940018 0.190529
1.950018 0.188497
1.960018 0.186507
1.970018 0.184559
1.980018 0.182653
1.990018 0.180787
2.000018 0.178962
2.010018 0.177177
2.020018 0.175431
2.030018 0.173723
2.040018 0.172054
2.050018 0.170422
2.060018 0.168827
2.070018 0.167268
2.080018 0.165745
2.090018 0.164258
2.100018 0.162805
2.110018 0.161387
2.120018 0.160001
2.130018 0.158649
2.140018 0.157330
2.150017 0.156042
2.160017 0.154786
2.170017 0.153560
2.180017 0.152365
2.190017 0.151199
2.200017 0.150062
2.210017 0.148954
2.220017 0.147874
2.230017 0.146821
2.240017 0.145795
2.250017 0.144795
2.260017 0.143821
2.270017 0.142872
2.280017 0.141948
2.290017 0.141048
2.300017 0.140171
2.310017 0.139317
2.320017 0.138485
2.330017 0.137676
2.340017 0.136887
2.350017 0.136119
2.360017 0.135371
2.370017 0.134643
2.380017 0.133933
2.390017 0.133242
2.400017 0.132569
2.410017 0.131913
2.420017 0.131273
2.430017 0.130650
2.440017 0.130043
2.450017 0.129450
2.460017 0.128872
2.470017 0.128308
2.480017 0.127757
2.490017 0.127219
2.500017 0.126693
2.510017 0.126179
2.520017 0.125676
2.530017 0.125183
2.540017 0.124700
2.550017 0.124227
2.560017 0.123762
2.570017 0.123306
2.580017 0.122858
2.590017 0.122416
2.600017 0.121981
2.610017 0.121553
2.620017 0.121129
2.630017 0.120711
2.640017 0.120297
2.650017 0.119886
2.660017 0.119479
2.670017 0.119075
2.680017 0.118672
2.690017 0.118271
2.700017 0.117871
2.710017 0.117472
2.720017 0.117072
2.730017 0.116671
2.740017 0.116270
2.750017 0.115866
2.760017 0.115460
2.770017 0.115051
2.780017 0.114638
2.790017 0.114222
2.800017 0.113801
2.810017 0.113377
2.820017 0.112949
2.830017 0.112517
2.840017 0.112082
2.850017 0.111643
2.860017 0.111201
2.870017 0.110756
2.880017 0.110307
2.890017 0.109855
2.900017 0.109400
2.910017 0.108942
2.920017 0.108481
2.930017 0.108017
2.940017 0.107551
2.950017 0.107081
2.960017 0.106609
2.970017 0.106135
2.980017 0.105657
2.990017 0.105178
3.000017 0.104696
3.010017 0.104212
3.020017 0.103726
3.030017 0.103238
3.040017 0.102747
3.050017 0.102255
3.060017 0.101761
3.070017 0.101265
3.080017 0.100767
3.090017 0.100268
3.100017 0.099767
3.110017 0.099265
3.120017 0.098761
3.130017 0.098256
3.140017 0.097750
3.150017 0.097243
3.160017 0.096734
3.170017 0.096225
3.180017 0.095714
3.190017 0.095203
3.200016 0.094691
3.210016 0.094179
3.220016 0.093665
3.230016 0.093152
3.240016 0.092637
3.250016 0.092123
3.260016 0.091608
3.270016 0.091093
3.280016 0.090577
3.290016 0.090062
3.300016 0.089547
3.310016 0.089031
3.320016 0.088516
3.330016 0.088002
3.340016 0.087487
3.350016 0.086973
3.360016 0.086459
3.370016 0.085946
3.380016 0.085434
3.390016 0.084922
3.400016 0.084411
3.410016 0.083901
3.420016 0.083392
3.430016 0.082884
3.440016 0.082377
3.450016 0.081872
3.460016 0.081367
3.470016 0.080864
3.480016 0.080362
3.490016 0.079862
3.500016 0.079363
3.510016 0.078867
3.520016 0.078371
3.530016 0.077878
3.540016 0.077386
3.550016 0.076897
3.560016 0.076409
3.570016 0.075924
3.580016 0.075441
3.590016 0.074960
3.600016 0.074481
3.610016 0.074005
3.620016 0.073531
3.630016 0.073060
3.640016 0.072592
3.650016 0.072126
3.660016 0.071664
3.670016 0.071204
3.680016 0.070747
3.690016 0.070293
3.700016 0.069842
3.710016 0.069395
3.720016 0.068951
3.730016 0.068510
3.740016 0.068072
3.750016 0.067639
3.760016 0.067208
3.770016 0.066782
3.780016 0.066359
3.790016 0.065940
3.800016 0.065525
3.810016 0.065114
3.820016 0.064707
3.830016 0.064304
3.840016 0.063906
3.850016 0.063512
3.860016 0.063122
3.870016 0.062736
3.880016 0.062355
3.890016 0.061979
3.900016 0.061608
3.910016 0.061241
3.920016 0.060878
3.930016 0.060521
3.940016 0.060167
3.950016 0.059819
3.960016 0.059474
3.970016 0.059134
3.980016 0.058798
3.990016 0.058467
4.000016 0.058139
4.010016 0.057816
4.020016 0.057497
4.030016 0.057182
4.040017 0.056871
4.050017 0.056564
4.060017 0.056261
4.070017 0.055962
4.080018 0.055667
4.090018 0.055375
4.100018 0.055087
4.110018 0.054803
4.120018 0.054522
4.130019 0.054246
4.140019 0.053972
4.150019 0.053702
4.160019 0.053436
4.170020 0.053173
4.180020 0.052913
4.190020 0.052656
4.200020 0.052403
4.210021 0.052153
4.220021 0.051906
4.230021 0.051663
4.240021 0.051422
4.250021 0.051185
4.260022 0.050950
4.270022 0.050718
4.280022 0.050489
4.290022 0.050263
4.300023 0.050040
4.310023 0.049819
4.320023 0.049602
4.330023 0.049386
4.340024 0.049174
4.350024 0.048964
4.360024 0.048756
4.370024 0.048551
4.380024 0.048348
4.390025 0.048148
4.400025 0.047949
4.410025 0.047754
4.420025 0.047560
4.430026 0.047368
4.440026 0.047179
4.450026 0.046992
4.460026 0.046806
4.470026 0.046623
4.480027 0.046441
4.490027 0.046262
4.500027 0.046084
4.510027 0.045908
4.520028 0.045734
4.530028 0.045561
4.540028 0.045390
4.550028 0.045221
4.560029 0.045053
4.570029 0.044887
4.580029 0.044722
4.590029 0.044558
4.600029 0.044396
4.610030 0.044235
4.620030 0.044075
4.630030 0.043917
4.640030 0.043760
4.650031 0.043603
4.660031 0.043448
4.670031 0.043294
4.680031 0.043141
4.690032 0.042989
4.700032 0.042837
4.710032 0.042687
4.720032 0.042537
4.730032 0.042388
4.740033 0.042239
4.750033 0.042092
4.760033 0.041944
4.770033 0.041798
4.780034 0.041652
4.790034 0.041506
4.800034 0.041360
4.810034 0.041215
4.820035 0.041071
4.830035 0.040926
4.840035 0.040782
4.850035 0.040638
4.860035 0.040494
4.870036 0.040350
4.880036 0.040206
4.890036 0.040062
4.900036 0.039918
4.910037 0.039773
4.920037 0.039629
4.930037 0.039484
4.940037 0.039339
4.950037 0.039194
4.960038 0.039048
4.970038 0.038902
4.980038 0.038756
4.990038 0.038609


-5.000000 0.038462
-4.990000 0.038610
-4.980000 0.038759
-4.969999 0.038909
-4.959999 0.039060
-4.949999 0.039212
-4.939999 0.039364
-4.929998 0.039518
-4.919998 0.039672
-4.909998 0.039827
-4.899998 0.039984
-4.889997 0.040141
-4.879997 0.040299
-4.869997 0.040458
-4.859997 0.040617
-4.849997 0.040778
-4.839996 0.040940
-4.829996 0.041103
-4.819996 0.041266
-4.809996 0.041431
-4.799995 0.041596
-4.789995 0.041763
-4.779995 0.041931
-4.769995 0.042099
-4.759995 0.042269
-4.749994 0.042439
-4.739994 0.042611
-4.729994 0.042784
-4.719994 0.042957
-4.709993 0.043132
-4.699993 0.043308
-4.689993 0.043485
-4.679993 0.043663
-4.669992 0.043842
-4.659992 0.044022
-4.649992 0.044203
-4.639992 0.044386
-4.629992 0.044569
-4.619991 0.044754
-4.609991 0.044939
-4.599991 0.045126
-4.589991 0.045314
-4.579990 0.045503
-4.569990 0.045694
-4.559990 0.045885
-4.549990 0.046078
-4.539989 0.046272
-4.529989 0.046467
-4.519989 0.046663
-4.509989 0.046860
-4.499989 0.047059
-4.489988 0.047259
-4.479988 0.047460
-4.469988 0.047663
-4.459988 0.047866
-4.449987 0.048071
-4.439987 0.048277
-4.429987 0.048485
-4.419987 0.048694
-4.409986 0.048904
-4.399986 0.049115
-4.389986 0.049328
-4.379986 0.049542
-4.369986 0.049758
-4.359985 0.049975
-4.349985 0.050193
-4.339985 0.050413
-4.329985 0.050634
-4.319984 0.050857
-4.309984 0.051081
-4.299984 0.051306
-4.289984 0.051533
-4.279984 0.051762
-4.269983 0.051992
-4.259983 0.052223
-4.249983 0.052456
-4.239983 0.052691
-4.229982 0.052927
-4.219982 0.053165
-4.209982 0.053404
-4.199982 0.053645
-4.189981 0.053888
-4.179981 0.054132
-4.169981 0.054378
-4.159981 0.054626
-4.149981 0.054875
-4.139980 0.055126
-4.129980 0.055379
-4.119980 0.055633
-4.109980 0.055889
-4.099979 0.056147
-4.089979 0.056406
-4.079979 0.056668
-4.069979 0.056931
-4.059978 0.057196
-4.049978 0.057463
-4.039978 0.057731
-4.029978 0.058002
-4.019978 0.058274
-4.009977 0.058548
-3.999977 0.058824
-3.989977 0.059102
-3.979977 0.059382
-3.969977 0.059663
-3.959977 0.059947
-3.949977 0.060233
-3.939977 0.060520
-3.929977 0.060810
-3.919977 0.061101
-3.909977 0.061395
-3.899977 0.061690
-3.889977 0.061988
-3.879977 0.062288
-3.869977 0.062590
-3.859977 0.062894
-3.849977 0.063200
-3.839978 0.063509
-3.829978 0.063819
-3.819978 0.064132
-3.809978 0.064447
-3.799978 0.064765
-3.789978 0.065085
-3.779978 0.065407
-3.769978 0.065731
-3.759978 0.066058
-3.749978 0.066387
-3.739978 0.066719
-3.729978 0.067053
-3.719978 0.067390
-3.709978 0.067729
-3.699978 0.068071
-3.689978 0.068415
-3.679978 0.068762
-3.669978 0.069111
-3.659978 0.069463
-3.649978 0.069818
-3.639978 0.070176
-3.629978 0.070536
-3.619978 0.070899
-3.609978 0.071264
-3.599978 0.071632
-3.589978 0.072004
-3.579978 0.072378
-3.569978 0.072754
-3.559978 0.073134
-3.549978 0.073516
-3.539978 0.073902
-3.529978 0.074290
-3.519978 0.074682
-3.509978 0.075076
-3.499978 0.075473
-3.489978 0.075874
-3.479978 0.076277
-3.469978 0.076684
-3.459978 0.077093
-3.449978 0.077506
-3.439978 0.077922
-3.429978 0.078341
-3.419978 0.078763
-3.409978 0.079189
-3.399978 0.079618
-3.389978 0.080050
-3.379978 0.080485
-3.369978 0.080924
-3.359978 0.081366
-3.349978 0.081812
-3.339978 0.082262
-3.329978 0.082715
-3.319978 0.083171
-3.309978 0.083632
-3.299978 0.084096
-3.289978 0.084564
-3.279978 0.085036
-3.269978 0.085511
-3.259978 0.085991
-3.249978 0.086474
-3.239978 0.086962
-3.229978 0.087453
-3.219978 0.087949
-3.209978 0.088449
-3.199978 0.088953
-3.189978 0.089462
-3.179978 0.089974
-3.169978 0.090491
-3.159978 0.091013
-3.149978 0.091539
-3.139978 0.092069
-3.129978 0.092604
-3.119978 0.093144
-3.109978 0.093688
-3.099978 0.094237
-3.089978 0.094791
-3.079978 0.095349
-3.069978 0.095912
-3.059978 0.096480
-3.049978 0.097053
-3.039978 0.097631
-3.029978 0.098214
-3.019978 0.098802
-3.009978 0.099396
-2.999978 0.099994
-2.989978 0.100597
-2.979978 0.101206
-2.969978 0.101820
-2.959978 0.102440
-2.949978 0.103065
-2.939978 0.103695
-2.929978 0.104331
-2.919978 0.104972
-2.909978 0.105619
-2.899978 0.106271
-2.889978 0.106929
-2.879978 0.107593
-2.869978 0.108263
-2.859978 0.108939
-2.849978 0.109620
-2.839978 0.110308
-2.829978 0.111002
-2.819978 0.111702
-2.809978 0.112409
-2.799978 0.113122
-2.789979 0.113841
-2.779979 0.114568
-2.769979 0.115300
-2.759979 0.116040
-2.749979 0.116787
-2.739979 0.117540
-2.729979 0.118301
-2.719979 0.119069
-2.709979 0.119844
-2.699979 0.120626
-2.689979 0.121416
-2.679979 0.122213
-2.669979 0.123018
-2.659979 0.123830
-2.649979 0.124651
-2.639979 0.125479
-2.629979 0.126315
-2.619979 0.127159
-2.609979 0.128011
-2.599979 0.128872
-2.589979 0.129740
-2.579979 0.130618
-2.569979 0.131503
-2.559979 0.132397
-2.549979 0.133300
-2.539979 0.134212
-2.529979 0.135132
-2.519979 0.136062
-2.509979 0.137000
-2.499979 0.137947
-2.489979 0.138904
-2.479979 0.139870
-2.469979 0.140845
-2.459979 0.141830
-2.449979 0.142824
-2.439979 0.143828
-2.429979 0.144841
-2.419979 0.145864
-2.409979 0.146898
-2.399979 0.147941
-2.389979 0.148994
-2.379979 0.150057
-2.369979 0.151131
-2.359979 0.152215
-2.349979 0.153310
-2.339979 0.154415
-2.329979 0.155531
-2.319979 0.156658
-2.309979 0.157797
-2.299979 0.158947
-2.289979 0.160109
-2.279979 0.161283
-2.269979 0.162469
-2.259979 0.163668
-2.249979 0.164879
-2.239979 0.166103
-2.229979 0.167341
-2.219979 0.168591
-2.209979 0.169855
-2.199979 0.171133
-2.189979 0.172424
-2.179979 0.173730
-2.169979 0.175050
-2.159979 0.176384
-2.149979 0.177733
-2.139979 0.179098
-2.129979 0.180477
-2.119979 0.181872
-2.109979 0.183282
-2.099979 0.184708
-2.089979 0.186150
-2.079979 0.187608
-2.069979 0.189083
-2.059979 0.190575
-2.049979 0.192083
-2.039979 0.193608
-2.029979 0.195151
-2.019979 0.196711
-2.009979 0.198289
-1.999979 0.199885
-1.989979 0.201498
-1.979979 0.203131
-1.969979 0.204781
-1.959979 0.206451
-1.949979 0.208139
-1.939979 0.209847
-1.929979 0.211574
-1.919979 0.213321
-1.909979 0.215087
-1.899979 0.216873
-1.889979 0.218680
-1.879979 0.220507
-1.869979 0.222355
-1.859979 0.224224
-1.849979 0.226114
-1.839979 0.228025
-1.829979 0.229957
-1.819979 0.231912
-1.809979 0.233888
-1.799979 0.235888
-1.789979 0.237910
-1.779979 0.239955
-1.769979 0.242023
-1.759979 0.244116
-1.749979 0.246232
-1.739980 0.248373
-1.729980 0.250539
-1.719980 0.252730
-1.709980 0.254946
-1.699980 0.257188
-1.689980 0.259456
-1.679980 0.261750
-1.669980 0.264072
-1.659980 0.266420
-1.649980 0.268795
-1.639980 0.271199
-1.629980 0.273630
-1.619980 0.276090
-1.609980 0.278578
-1.599980 0.281095
-1.589980 0.283642
-1.579980 0.286218
-1.569980 0.288824
-1.559980 0.291461
-1.549980 0.294128
-1.539980 0.296826
-1.529980 0.299555
-1.519980 0.302316
-1.509980 0.305109
-1.499980 0.307934
-1.489980 0.310791
-1.479980 0.313682
-1.469980 0.316605
-1.459980 0.319562
-1.449980 0.322553
-1.439980 0.325579
-1.429980 0.328638
-1.419980 0.331733
-1.409980 0.334862
-1.399980 0.338027
-1.389980 0.341228
-1.379980 0.344465
-1.369980 0.347739
-1.359980 0.351049
-1.349980 0.354396
-1.339980 0.357781
-1.329980 0.361204
-1.319980 0.364664
-1.309980 0.368163
-1.299980 0.371701
-1.289980 0.375278
-1.279980 0.378895
-1.269980 0.382552
-1.259980 0.386251
-1.249980 0.389990
-1.239980 0.393772
-1.229980 0.397596
-1.219980 0.401463
-1.209980 0.405374
-1.199980 0.409328
-1.189980 0.413327
-1.179980 0.417371
-1.169980 0.421461
-1.159980 0.425597
-1.149980 0.429779
-1.139980 0.434008
-1.129980 0.438285
-1.119980 0.442610
-1.109980 0.446984
-1.099980 0.451407
-1.089980 0.455879
-1.079980 0.460402
-1.069980 0.464976
-1.059980 0.469601
-1.049980 0.474277
-1.039980 0.479006
-1.029980 0.483787
-1.019980 0.488622
-1.009980 0.493511
-0.999980 0.498454
-0.989980 0.503452
-0.979980 0.508505
-0.969980 0.513614
-0.959980 0.518780
-0.949980 0.524002
-0.939980 0.529282
-0.929980 0.534620
-0.919980 0.540016
-0.909980 0.545472
-0.899980 0.550986
-0.889980 0.556561
-0.879980 0.562197
-0.869980 0.567893
-0.859980 0.573651
-0.849980 0.579471
-0.839980 0.585354
-0.829980 0.591300
-0.819980 0.597309
-0.809980 0.603383
-0.799980 0.609521
-0.789980 0.615725
-0.779980 0.621993
-0.769980 0.628324
-0.759980 0.634712
-0.749980 0.641154
-0.739980 0.647645
-0.729980 0.654181
-0.719980 0.660759
-0.709980 0.667373
-0.699980 0.674021
-0.689981 0.680697
-0.679981 0.687398
-0.669981 0.694120
-0.659981 0.700858
-0.649981 0.707609
-0.639981 0.714367
-0.629981 0.721130
-0.619981 0.727892
-0.609981 0.734651
-0.599981 0.741401
-0.589981 0.748138
-0.579981 0.754859
-0.569981 0.761560
-0.559981 0.768235
-0.549981 0.774882
-0.539981 0.781495
-0.529981 0.788071
-0.519981 0.794606
-0.509981 0.801096
-0.499981 0.807536
-0.489981 0.813922
-0.479981 0.820250
-0.469981 0.826517
-0.459981 0.832717
-0.449981 0.838847
-0.439981 0.844903
-0.429981 0.850880
-0.419981 0.856775
-0.409981 0.862583
-0.399981 0.868300
-0.389981 0.873922
-0.379981 0.879445
-0.369981 0.884865
-0.359981 0.890178
-0.349981 0.895379
-0.339981 0.900464
-0.329981 0.905430
-0.319981 0.910272
-0.309981 0.914986
-0.299981 0.919568
-0.289981 0.924013
-0.279981 0.928318
-0.269981 0.932479
-0.259981 0.936491
-0.249981 0.940352
-0.239981 0.944062
-0.229981 0.947620
-0.219981 0.951027
-0.209981 0.954282
-0.199981 0.957386
-0.189981 0.960338
-0.179981 0.963139
-0.169981 0.965789
-0.159981 0.968287
-0.149981 0.970634
-0.139981 0.972829
-0.129981 0.974873
-0.119981 0.976766
-0.109981 0.978507
-0.099981 0.980096
-0.089981 0.981534
-0.079981 0.982821
-0.069981 0.983956
-0.059981 0.984940
-0.049981 0.985773
-0.039981 0.986454
-0.029981 0.986984
-0.019981 0.987362
-0.009981 0.987589
0.000019 0.987664
0.010019 0.987588
0.020019 0.987361
0.030019 0.986982
0.040019 0.986452
0.050019 0.985770
0.060019 0.984937
0.070019 0.983953
0.080019 0.982817
0.090019 0.981529
0.100019 0.980090
0.110019 0.978500
0.120019 0.976759
0.130019 0.974865
0.140019 0.972821
0.150019 0.970625
0.160019 0.968278
0.170019 0.965779
0.180019 0.963129
0.190019 0.960327
0.200019 0.957374
0.210019 0.954270
0.220019 0.951014
0.230019 0.947607
0.240019 0.944048
0.250019 0.940338
0.260019 0.936476
0.270019 0.932464
0.280019 0.928303
0.290019 0.923997
0.300019 0.919551
0.310019 0.914969
0.320019 0.910254
0.330019 0.905412
0.340019 0.900446
0.350019 0.895360
0.360019 0.890158
0.370019 0.884845
0.380019 0.879425
0.390019 0.873902
0.400019 0.868279
0.410019 0.862562
0.420019 0.856753
0.430019 0.850858
0.440019 0.844881
0.450019 0.838825
0.460019 0.832694
0.470019 0.826494
0.480019 0.820227
0.490019 0.813898
0.500019 0.807512
0.510019 0.801072
0.520019 0.794582
0.530019 0.788047
0.540019 0.781471
0.550019 0.774857
0.560019 0.768210
0.570019 0.761535
0.580019 0.754834
0.590019 0.748113
0.600019 0.741375
0.610019 0.734625
0.620019 0.727867
0.630019 0.721104
0.640019 0.714342
0.650019 0.707583
0.660019 0.700833
0.670019 0.694095
0.680019 0.687373
0.690019 0.680672
0.700019 0.673996
0.710019 0.667348
0.720019 0.660734
0.730019 0.654156
0.740019 0.647620
0.750019 0.641129
0.760019 0.634688
0.770019 0.628300
0.780019 0.621969
0.790019 0.615701
0.800019 0.609498
0.810019 0.603360
0.820019 0.597286
0.830019 0.591277
0.840019 0.585331
0.850019 0.579449
0.860019 0.573629
0.870019 0.567871
0.880019 0.562175
0.890019 0.556540
0.900019 0.550965
0.910019 0.545451
0.920019 0.539995
0.930019 0.534599
0.940019 0.529262
0.950019 0.523982
0.960019 0.518760
0.970019 0.513594
0.980018 0.508486
0.990018 0.503433
1.000018 0.498435
1.010018 0.493492
1.020018 0.488604
1.030018 0.483769
1.040018 0.478988
1.050018 0.474259
1.060018 0.469583
1.070018 0.464958
1.080018 0.460385
1.090018 0.455862
1.100018 0.451390
1.110018 0.446967
1.120018 0.442594
1.130018 0.438269
1.140018 0.433992
1.150018 0.429763
1.160018 0.425581
1.170018 0.421445
1.180018 0.417356
1.190018 0.413312
1.200018 0.409313
1.210018 0.405359
1.220018 0.401448
1.230018 0.397581
1.240018 0.393757
1.250018 0.389976
1.260018 0.386236
1.270018 0.382538
1.280018 0.378881
1.290018 0.375264
1.300018 0.371687
1.310018 0.368150
1.320018 0.364651
1.330018 0.361190
1.340018 0.357768
1.350018 0.354383
1.360018 0.351036
1.370018 0.347726
1.380018 0.344453
1.390018 0.341216
1.400018 0.338015
1.410018 0.334850
1.420018 0.331721
1.430018 0.328626
1.440018 0.325567
1.450018 0.322542
1.460018 0.319551
1.470018 0.316594
1.480018 0.313670
1.490018 0.310780
1.500018 0.307923
1.510018 0.305098
1.520018 0.302305
1.530018 0.299544
1.540018 0.296815
1.550018 0.294117
1.560018 0.291450
1.570018 0.288814
1.580018 0.286208
1.590018 0.283632
1.600018 0.281085
1.610018 0.278568
1.620018 0.276080
1.630018 0.273621
1.640018 0.271189
1.650018 0.268786
1.660018 0.266411
1.670018 0.264063
1.680018 0.261742
1.690018 0.259447
1.700018 0.257179
1.710018 0.254937
1.720018 0.252721
1.730018 0.250530
1.740018 0.248365
1.750018 0.246224
1.760018 0.244108
1.770018 0.242015
1.780018 0.239947
1.790018 0.237902
1.800018 0.235880
1.810018 0.233881
1.820018 0.231904
1.830018 0.229950
1.840018 0.228017
1.850018 0.226106
1.860018 0.224217
1.870018 0.222348
1.880018 0.220500
1.890018 0.218673
1.900018 0.216867
1.910018 0.215080
1.920018 0.213314
1.930018 0.211567
1.940018 0.209840
1.950018 0.208133
1.960018 0.206444
1.970018 0.204775
1.980018 0.203124
1.990018 0.201492
2.000018 0.199878
2.010018 0.198283
2.020018 0.196705
2.030018 0.195145
2.040018 0.193602
2.050018 0.192077
2.060018 0.190569
2.070018 0.189078
2.080018 0.187603
2.090018 0.186145
2.100018 0.184703
2.110018 0.183277
2.120018 0.181866
2.130018 0.180472
2.140018 0.179092
2.150017 0.177728
2.160017 0.176379
2.170017 0.175045
2.180017 0.173725
2.190017 0.172419
2.200017 0.171128
2.210017 0.169850
2.220017 0.168586
2.230017 0.167336
2.240017 0.166099
2.250017 0.164875
2.260017 0.163663
2.270017 0.162465
2.280017 0.161279
2.290017 0.160105
2.300017 0.158943
2.310017 0.157793
2.320017 0.156654
2.330017 0.155527
2.340017 0.154410
2.350017 0.153305
2.360017 0.152211
2.370017 0.151127
2.380017 0.150053
2.390017 0.148990
2.400017 0.147937
2.410017 0.146894
2.420017 0.145860
2.430017 0.144837
2.440017 0.143824
2.450017 0.142820
2.460017 0.141826
2.470017 0.140841
2.480017 0.139866
2.490017 0.138900
2.500017 0.137944
2.510017 0.136996
2.520017 0.136058
2.530017 0.135129
2.540017 0.134208
2.550017 0.133297
2.560017 0.132394
2.570017 0.131500
2.580017 0.130614
2.590017 0.129737
2.600017 0.128868
2.610017 0.128008
2.620017 0.127156
2.630017 0.126312
2.640017 0.125476
2.650017 0.124647
2.660017 0.123827
2.670017 0.123015
2.680017 0.122210
2.690017 0.121413
2.700017 0.120623
2.710017 0.119841
2.720017 0.119066
2.730017 0.118298
2.740017 0.117537
2.750017 0.116784
2.760017 0.116037
2.770017 0.115298
2.780017 0.114565
2.790017 0.113839
2.800017 0.113119
2.810017 0.112406
2.820017 0.111700
2.830017 0.110999
2.840017 0.110305
2.850017 0.109618
2.860017 0.108936
2.870017 0.108260
2.880017 0.107591
2.890017 0.106927
2.900017 0.106269
2.910017 0.105616
2.920017 0.104969
2.930017 0.104328
2.940017 0.103692
2.950017 0.103062
2.960017 0.102437
2.970017 0.101818
2.980017 0.101204
2.990017 0.100595
3.000017 0.099992
3.010017 0.099393
3.020017 0.098800
3.030017 0.098212
3.040017 0.097629
3.050017 0.097051
3.060017 0.096478
3.070017 0.095910
3.080017 0.095347
3.090017 0.094788
3.100017 0.094235
3.110017 0.093686
3.120017 0.093142
3.130017 0.092602
3.140017 0.092067
3.150017 0.091537
3.160017 0.091011
3.170017 0.090490
3.180017 0.089972
3.190017 0.089460
3.200016 0.088951
3.210016 0.088447
3.220016 0.087947
3.230016 0.087452
3.240016 0.086960
3.250016 0.086472
3.260016 0.085989
3.270016 0.085509
3.280016 0.085034
3.290016 0.084562
3.300016 0.084094
3.310016 0.083630
3.320016 0.083170
3.330016 0.082713
3.340016 0.082260
3.350016 0.081811
3.360016 0.081365
3.370016 0.080922
3.380016 0.080484
3.390016 0.080048
3.400016 0.079616
3.410016 0.079187
3.420016 0.078762
3.430016 0.078339
3.440016 0.077920
3.450016 0.077505
3.460016 0.077092
3.470016 0.076682
3.480016 0.076276
3.490016 0.075872
3.500016 0.075472
3.510016 0.075075
3.520016 0.074680
3.530016 0.074289
3.540016 0.073900
3.550016 0.073515
3.560016 0.073132
3.570016 0.072753
3.580016 0.072376
3.590016 0.072002
3.600016 0.071631
3.610016 0.071263
3.620016 0.070897
3.630016 0.070534
3.640016 0.070174
3.650016 0.069817
3.660016 0.069462
3.670016 0.069110
3.680016 0.068761
3.690016 0.068414
3.700016 0.068070
3.710016 0.067728
3.720016 0.067389
3.730016 0.067052
3.740016 0.066718
3.750016 0.066386
3.760016 0.066057
3.770016 0.065730
3.780016 0.065405
3.790016 0.065083
3.800016 0.064764
3.810016 0.064446
3.820016 0.064131
3.830016 0.063818
3.840016 0.063507
3.850016 0.063199
3.860016 0.062893
3.870016 0.062589
3.880016 0.062287
3.890016 0.061987
3.900016 0.061689
3.910016 0.061394
3.920016 0.061100
3.930016 0.060809
3.940016 0.060519
3.950016 0.060231
3.960016 0.059946
3.970016 0.059662
3.980016 0.059381
3.990016 0.059101
4.000016 0.058823
4.010016 0.058547
4.020016 0.058273
4.030016 0.058001
4.040017 0.057730
4.050017 0.057462
4.060017 0.057195
4.070017 0.056930
4.080018 0.056667
4.090018 0.056405
4.100018 0.056146
4.110018 0.055888
4.120018 0.055632
4.130019 0.055378
4.140019 0.055125
4.150019 0.054874
4.160019 0.054625
4.170020 0.054377
4.180020 0.054131
4.190020 0.053887
4.200020 0.053645
4.210021 0.053404
4.220021 0.053164
4.230021 0.052926
4.240021 0.052690
4.250021 0.052455
4.260022 0.052222
4.270022 0.051991
4.280022 0.051761
4.290022 0.051532
4.300023 0.051305
4.310023 0.051080
4.320023 0.050856
4.330023 0.050633
4.340024 0.050412
4.350024 0.050192
4.360024 0.049974
4.370024 0.049757
4.380024 0.049541
4.390025 0.049327
4.400025 0.049114
4.410025 0.048903
4.420025 0.048693
4.430026 0.048484
4.440026 0.048277
4.450026 0.048070
4.460026 0.047865
4.470026 0.047662
4.480027 0.047459
4.490027 0.047258
4.500027 0.047058
4.510027 0.046860
4.520028 0.046662
4.530028 0.046466
4.540028 0.046271
4.550028 0.046077
4.560029 0.045884
4.570029 0.045693
4.580029 0.045503
4.590029 0.045313
4.600029 0.045125
4.610030 0.044939
4.620030 0.044753
4.630030 0.044568
4.640030 0.044385
4.650031 0.044203
4.660031 0.044021
4.670031 0.043841
4.680031 0.043662
4.690032 0.043484
4.700032 0.043307
4.710032 0.043131
4.720032 0.042957
4.730032 0.042783
4.740033 0.042610
4.750033 0.042439
4.760033 0.042268
4.770033 0.042098
4.780034 0.041930
4.790034 0.041762
4.800034 0.041596
4.810034 0.041430
4.820035 0.041266
4.830035 0.041102
4.840035 0.040939
4.850035 0.040778
4.860035 0.040617
4.870036 0.040457
4.880036 0.040298
4.890036 0.040140
4.900036 0.039983
4.910037 0.039827
4.920037 0.039672
4.930037 0.039517
4.940037 0.039364
4.950037 0.039211
4.960038 0.039059
4.970038 0.038909
4.980038 0.038758
4.990038 0.038609


