-5.000000 -0.839072
-4.990000 -0.849742
-4.980000 -0.859993
-4.969999 -0.869829
-4.959999 -0.879254
-4.949999 -0.888270
-4.939999 -0.896881
-4.929998 -0.905091
-4.919998 -0.912902
-4.909998 -0.920318
-4.899998 -0.927343
-4.889997 -0.933979
-4.879997 -0.940230
-4.869997 -0.946100
-4.859997 -0.951591
-4.849997 -0.956707
-4.839996 -0.961452
-4.829996 -0.965829
-4.819996 -0.969841
-4.809996 -0.973491
-4.799995 -0.976783
-4.789995 -0.979720
-4.779995 -0.982305
-4.769995 -0.984543
-4.759995 -0.986435
-4.749994 -0.987986
-4.739994 -0.989199
-4.729994 -0.990077
-4.719994 -0.990624
-4.709993 -0.990842
-4.699993 -0.990736
-4.689993 -0.990309
-4.679993 -0.989563
-4.669992 -0.988503
-4.659992 -0.987131
-4.649992 -0.985451
-4.639992 -0.983466
-4.629992 -0.981181
-4.619991 -0.978597
-4.609991 -0.975718
-4.599991 -0.972548
-4.589991 -0.969091
-4.579990 -0.965348
-4.569990 -0.961325
-4.559990 -0.957023
-4.549990 -0.952447
-4.539989 -0.947600
-4.529989 -0.942484
-4.519989 -0.937104
-4.509989 -0.931463
-4.499989 -0.925564
-4.489988 -0.919411
-4.479988 -0.913006
-4.469988 -0.906354
-4.459988 -0.899457
-4.449987 -0.892319
-4.439987 -0.884943
-4.429987 -0.877333
-4.419987 -0.869491
-4.409986 -0.861422
-4.399986 -0.853129
-4.389986 -0.844614
-4.379986 -0.835882
-4.369986 -0.826935
-4.359985 -0.817777
-4.349985 -0.808412
-4.339985 -0.798842
-4.329985 -0.789071
-4.319984 -0.779103
-4.309984 -0.768940
-4.299984 -0.758587
-4.289984 -0.748045
-4.279984 -0.737320
-4.269983 -0.726413
-4.259983 -0.715329
-4.249983 -0.704071
-4.239983 -0.692642
-4.229982 -0.681045
-4.219982 -0.669284
-4.209982 -0.657362
-4.199982 -0.645283
-4.189981 -0.633049
-4.179981 -0.620665
-4.169981 -0.608133
-4.159981 -0.595457
-4.149981 -0.582641
-4.139980 -0.569686
-4.129980 -0.556598
-4.119980 -0.543379
-4.109980 -0.530033
-4.099979 -0.516563
-4.089979 -0.502971
-4.079979 -0.489263
-4.069979 -0.475440
-4.059978 -0.461507
-4.049978 -0.447466
-4.039978 -0.433322
-4.029978 -0.419077
-4.019978 -0.404734
-4.009977 -0.390298
-3.999977 -0.375771
-3.989977 -0.361157
-3.979977 -0.346459
-3.969977 -0.331680
-3.959977 -0.316825
-3.949977 -0.301895
-3.939977 -0.286895
-3.929977 -0.271827
-3.919977 -0.256696
-3.909977 -0.241505
-3.899977 -0.226256
-3.889977 -0.210953
-3.879977 -0.195600
-3.869977 -0.180200
-3.859977 -0.164756
-3.849977 -0.149271
-3.839978 -0.133749
-3.829978 -0.118194
-3.819978 -0.102609
-3.809978 -0.086996
-3.799978 -0.071359
-3.789978 -0.055702
-3.779978 -0.040029
-3.769978 -0.024341
-3.759978 -0.008643
-3.749978 0.007062
-3.739978 0.022770
-3.729978 0.038479
-3.719978 0.054185
-3.709978 0.069885
-3.699978 0.085574
-3.689978 0.101251
-3.679978 0.116911
-3.669978 0.132551
-3.659978 0.148169
-3.649978 0.163760
-3.639978 0.179320
-3.629978 0.194848
-3.619978 0.210340
-3.609978 0.225791
-3.599978 0.241200
-3.589978 0.256562
-3.579978 0.271874
-3.569978 0.287132
-3.559978 0.302335
-3.549978 0.317477
-3.539978 0.332556
-3.529978 0.347569
-3.519978 0.362511
-3.509978 0.377380
-3.499978 0.392173
-3.489978 0.406886
-3.479978 0.421515
-3.469978 0.436057
-3.459978 0.450510
-3.449978 0.464870
-3.439978 0.479132
-3.429978 0.493295
-3.419978 0.507354
-3.409978 0.521306
-3.399978 0.535148
-3.389978 0.548878
-3.379978 0.562490
-3.369978 0.575982
-3.359978 0.589350
-3.349978 0.602592
-3.339978 0.615704
-3.329978 0.628682
-3.319978 0.641523
-3.309978 0.654225
-3.299978 0.666782
-3.289978 0.679193
-3.279978 0.691454
-3.269978 0.703561
-3.259978 0.715511
-3.249978 0.727301
-3.239978 0.738927
-3.229978 0.750386
-3.219978 0.761676
-3.209978 0.772791
-3.199978 0.783729
-3.189978 0.794488
-3.179978 0.805062
-3.169978 0.815450
-3.159978 0.825647
-3.149978 0.835650
-3.139978 0.845457
-3.129978 0.855063
-3.119978 0.864465
-3.109978 0.873660
-3.099978 0.882645
-3.089978 0.891416
-3.079978 0.899970
-3.069978 0.908303
-3.059978 0.916413
-3.049978 0.924296
-3.039978 0.931948
-3.029978 0.939366
-3.019978 0.946547
-3.009978 0.953488
-2.999978 0.960185
-2.989978 0.966635
-2.979978 0.972840
-2.969978 0.978801
-2.959978 0.984520
-2.949978 0.989998
-2.939978 0.995238
-2.929978 1.000240
-2.919978 1.005008
-2.909978 1.009542
-2.899978 1.013843
-2.889978 1.017914
-2.879978 1.021757
-2.869978 1.025373
-2.859978 1.028763
-2.849978 1.031930
-2.839978 1.034875
-2.829978 1.037600
-2.819978 1.040107
-2.809978 1.042397
-2.799978 1.044471
-2.789979 1.046332
-2.779979 1.047982
-2.769979 1.049421
-2.759979 1.050653
-2.749979 1.051677
-2.739979 1.052496
-2.729979 1.053113
-2.719979 1.053527
-2.709979 1.053742
-2.699979 1.053759
-2.689979 1.053579
-2.679979 1.053204
-2.669979 1.052636
-2.659979 1.051877
-2.649979 1.050928
-2.639979 1.049791
-2.629979 1.048467
-2.619979 1.046959
-2.609979 1.045268
-2.599979 1.043396
-2.589979 1.041344
-2.579979 1.039114
-2.569979 1.036708
-2.559979 1.034127
-2.549979 1.031373
-2.539979 1.028448
-2.529979 1.025354
-2.519979 1.022092
-2.509979 1.018664
-2.499979 1.015072
-2.489979 1.011316
-2.479979 1.007400
-2.469979 1.003325
-2.459979 0.999091
-2.449979 0.994702
-2.439979 0.990159
-2.429979 0.985462
-2.419979 0.980616
-2.409979 0.975619
-2.399979 0.970476
-2.389979 0.965186
-2.379979 0.959753
-2.369979 0.954177
-2.359979 0.948460
-2.349979 0.942604
-2.339979 0.936611
-2.329979 0.930482
-2.319979 0.924219
-2.309979 0.917824
-2.299979 0.911298
-2.289979 0.904644
-2.279979 0.897862
-2.269979 0.890954
-2.259979 0.883923
-2.249979 0.876769
-2.239979 0.869495
-2.229979 0.862103
-2.219979 0.854593
-2.209979 0.846968
-2.199979 0.839229
-2.189979 0.831378
-2.179979 0.823416
-2.169979 0.815346
-2.159979 0.807169
-2.149979 0.798887
-2.139979 0.790501
-2.129979 0.782014
-2.119979 0.773426
-2.109979 0.764739
-2.099979 0.755956
-2.089979 0.747078
-2.079979 0.738106
-2.069979 0.729043
-2.059979 0.719889
-2.049979 0.710647
-2.039979 0.701319
-2.029979 0.691905
-2.019979 0.682408
-2.009979 0.672830
-1.999979 0.663171
-1.989979 0.653435
-1.979979 0.643621
-1.969979 0.633733
-1.959979 0.623772
-1.949979 0.613739
-1.939979 0.603637
-1.929979 0.593466
-1.919979 0.583229
-1.909979 0.572928
-1.899979 0.562563
-1.889979 0.552137
-1.879979 0.541651
-1.869979 0.531107
-1.859979 0.520508
-1.849979 0.509853
-1.839979 0.499146
-1.829979 0.488387
-1.819979 0.477579
-1.809979 0.466723
-1.799979 0.455821
-1.789979 0.444874
-1.779979 0.433885
-1.769979 0.422855
-1.759979 0.411785
-1.749979 0.400678
-1.739980 0.389534
-1.729980 0.378357
-1.719980 0.367147
-1.709980 0.355905
-1.699980 0.344635
-1.689980 0.333337
-1.679980 0.322013
-1.669980 0.310665
-1.659980 0.299295
-1.649980 0.287904
-1.639980 0.276493
-1.629980 0.265066
-1.619980 0.253622
-1.609980 0.242165
-1.599980 0.230695
-1.589980 0.219215
-1.579980 0.207725
-1.569980 0.196228
-1.559980 0.184726
-1.549980 0.173220
-1.539980 0.161712
-1.529980 0.150203
-1.519980 0.138695
-1.509980 0.127190
-1.499980 0.115690
-1.489980 0.104196
-1.479980 0.092710
-1.469980 0.081234
-1.459980 0.069769
-1.449980 0.058317
-1.439980 0.046879
-1.429980 0.035458
-1.419980 0.024055
-1.409980 0.012672
-1.399980 0.001311
-1.389980 -0.010028
-1.379980 -0.021342
-1.369980 -0.032629
-1.359980 -0.043888
-1.349980 -0.055117
-1.339980 -0.066314
-1.329980 -0.077479
-1.319980 -0.088608
-1.309980 -0.099700
-1.299980 -0.110754
-1.289980 -0.121769
-1.279980 -0.132741
-1.269980 -0.143670
-1.259980 -0.154554
-1.249980 -0.165391
-1.239980 -0.176179
-1.229980 -0.186918
-1.219980 -0.197604
-1.209980 -0.208237
-1.199980 -0.218815
-1.189980 -0.229336
-1.179980 -0.239798
-1.169980 -0.250200
-1.159980 -0.260540
-1.149980 -0.270816
-1.139980 -0.281027
-1.129980 -0.291170
-1.119980 -0.301245
-1.109980 -0.311250
-1.099980 -0.321182
-1.089980 -0.331040
-1.079980 -0.340823
-1.069980 -0.350529
-1.059980 -0.360156
-1.049980 -0.369702
-1.039980 -0.379166
-1.029980 -0.388546
-1.019980 -0.397840
-1.009980 -0.407047
-0.999980 -0.416165
-0.989980 -0.425192
-0.979980 -0.434129
-0.969980 -0.442975
-0.959980 -0.451730
-0.949980 -0.460395
-0.939980 -0.468968
-0.929980 -0.477452
-0.919980 -0.485844
-0.909980 -0.494146
-0.899980 -0.502356
-0.889980 -0.510476
-0.879980 -0.518506
-0.869980 -0.526444
-0.859980 -0.534292
-0.849980 -0.542050
-0.839980 -0.549716
-0.829980 -0.557292
-0.819980 -0.564777
-0.809980 -0.572171
-0.799980 -0.579475
-0.789980 -0.586688
-0.779980 -0.593810
-0.769980 -0.600841
-0.759980 -0.607782
-0.749980 -0.614632
-0.739980 -0.621391
-0.729980 -0.628059
-0.719980 -0.634637
-0.709980 -0.641124
-0.699980 -0.647520
-0.689981 -0.653826
-0.679981 -0.660041
-0.669981 -0.666165
-0.659981 -0.672198
-0.649981 -0.678141
-0.639981 -0.683993
-0.629981 -0.689754
-0.619981 -0.695424
-0.609981 -0.701004
-0.599981 -0.706493
-0.589981 -0.711891
-0.579981 -0.717199
-0.569981 -0.722416
-0.559981 -0.727542
-0.549981 -0.732577
-0.539981 -0.737521
-0.529981 -0.742375
-0.519981 -0.747139
-0.509981 -0.751811
-0.499981 -0.756393
-0.489981 -0.760883
-0.479981 -0.765284
-0.469981 -0.769593
-0.459981 -0.773812
-0.449981 -0.777940
-0.439981 -0.781977
-0.429981 -0.785924
-0.419981 -0.789780
-0.409981 -0.793545
-0.399981 -0.797219
-0.389981 -0.800803
-0.379981 -0.804296
-0.369981 -0.807698
-0.359981 -0.811009
-0.349981 -0.814230
-0.339981 -0.817360
-0.329981 -0.820399
-0.319981 -0.823348
-0.309981 -0.826206
-0.299981 -0.828973
-0.289981 -0.831649
-0.279981 -0.834235
-0.269981 -0.836730
-0.259981 -0.839134
-0.249981 -0.841447
-0.239981 -0.843670
-0.229981 -0.845802
-0.219981 -0.847843
-0.209981 -0.849794
-0.199981 -0.851654
-0.189981 -0.853423
-0.179981 -0.855101
-0.169981 -0.856689
-0.159981 -0.858185
-0.149981 -0.859592
-0.139981 -0.860907
-0.129981 -0.862132
-0.119981 -0.863266
-0.109981 -0.864309
-0.099981 -0.865261
-0.089981 -0.866123
-0.079981 -0.866894
-0.069981 -0.867574
-0.059981 -0.868164
-0.049981 -0.868663
-0.039981 -0.869071
-0.029981 -0.869388
-0.019981 -0.869615
-0.009981 -0.869751
0.000019 -0.869796
0.010019 -0.869751
0.020019 -0.869614
0.030019 -0.869387
0.040019 -0.869070
0.050019 -0.868661
0.060019 -0.868162
0.070019 -0.867572
0.080019 -0.866891
0.090019 -0.866120
0.100019 -0.865258
0.110019 -0.864305
0.120019 -0.863262
0.130019 -0.862127
0.140019 -0.860902
0.150019 -0.859586
0.160019 -0.858180
0.170019 -0.856683
0.180019 -0.855095
0.190019 -0.853416
0.200019 -0.851647
0.210019 -0.849787
0.220019 -0.847836
0.230019 -0.845794
0.240019 -0.843662
0.250019 -0.841439
0.260019 -0.839125
0.270019 -0.836720
0.280019 -0.834225
0.290019 -0.831639
0.300019 -0.828962
0.310019 -0.826195
0.320019 -0.823337
0.330019 -0.820388
0.340019 -0.817348
0.350019 -0.814218
0.360019 -0.810997
0.370019 -0.807685
0.380019 -0.804283
0.390019 -0.800789
0.400019 -0.797205
0.410019 -0.793531
0.420019 -0.789765
0.430019 -0.785909
0.440019 -0.781962
0.450019 -0.777924
0.460019 -0.773796
0.470019 -0.769577
0.480019 -0.765267
0.490019 -0.760867
0.500019 -0.756375
0.510019 -0.751793
0.520019 -0.747120
0.530019 -0.742357
0.540019 -0.737503
0.550019 -0.732558
0.560019 -0.727522
0.570019 -0.722396
0.580019 -0.717179
0.590019 -0.711871
0.600019 -0.706472
0.610019 -0.700983
0.620019 -0.695403
0.630019 -0.689732
0.640019 -0.683970
0.650019 -0.678118
0.660019 -0.672175
0.670019 -0.666142
0.680019 -0.660017
0.690019 -0.653802
0.700019 -0.647496
0.710019 -0.641099
0.720019 -0.634612
0.730019 -0.628034
0.740019 -0.621365
0.750019 -0.614606
0.760019 -0.607755
0.770019 -0.600814
0.780019 -0.593783
0.790019 -0.586660
0.800019 -0.579447
0.810019 -0.572143
0.820019 -0.564749
0.830019 -0.557263
0.840019 -0.549687
0.850019 -0.542020
0.860019 -0.534263
0.870019 -0.526414
0.880019 -0.518475
0.890019 -0.510446
0.900019 -0.502325
0.910019 -0.494114
0.920019 -0.485812
0.930019 -0.477419
0.940019 -0.468936
0.950019 -0.460362
0.960019 -0.451697
0.970019 -0.442941
0.980018 -0.434095
0.990018 -0.425158
1.000018 -0.416130
1.010018 -0.407012
1.020018 -0.397805
1.030018 -0.388510
1.040018 -0.379130
1.050018 -0.369666
1.060018 -0.360119
1.070018 -0.350492
1.080018 -0.340786
1.090018 -0.331003
1.100018 -0.321144
1.110018 -0.311211
1.120018 -0.301207
1.130018 -0.291132
1.140018 -0.280988
1.150018 -0.270777
1.160018 -0.260500
1.170018 -0.250160
1.180018 -0.239758
1.190018 -0.229296
1.200018 -0.218775
1.210018 -0.208197
1.220018 -0.197564
1.230018 -0.186877
1.240018 -0.176138
1.250018 -0.165350
1.260018 -0.154512
1.270018 -0.143628
1.280018 -0.132699
1.290018 -0.121726
1.300018 -0.110712
1.310018 -0.099658
1.320018 -0.088565
1.330018 -0.077436
1.340018 -0.066272
1.350018 -0.055074
1.360018 -0.043845
1.370018 -0.032586
1.380018 -0.021299
1.390018 -0.009985
1.400018 0.001354
1.410018 0.012716
1.420018 0.024099
1.430018 0.035502
1.440018 0.046923
1.450018 0.058360
1.460018 0.069813
1.470018 0.081278
1.480018 0.092754
1.490018 0.104240
1.500018 0.115734
1.510018 0.127234
1.520018 0.138739
1.530018 0.150247
1.540018 0.161756
1.550018 0.173264
1.560018 0.184770
1.570018 0.196272
1.580018 0.207769
1.590018 0.219258
1.600018 0.230739
1.610018 0.242209
1.620018 0.253666
1.630018 0.265109
1.640018 0.276537
1.650018 0.287947
1.660018 0.299338
1.670018 0.310709
1.680018 0.322057
1.690018 0.333380
1.700018 0.344678
1.710018 0.355949
1.720018 0.367190
1.730018 0.378400
1.740018 0.389577
1.750018 0.400720
1.760018 0.411828
1.770018 0.422897
1.780018 0.433927
1.790018 0.444917
1.800018 0.455863
1.810018 0.466765
1.820018 0.477620
1.830018 0.488428
1.840018 0.499186
1.850018 0.509894
1.860018 0.520548
1.870018 0.531148
1.880018 0.541691
1.890018 0.552177
1.900018 0.562602
1.910018 0.572967
1.920018 0.583269
1.930018 0.593505
1.940018 0.603676
1.950018 0.613778
1.960018 0.623810
1.970018 0.633771
1.980018 0.643659
1.990018 0.653472
2.000018 0.663208
2.010018 0.672867
2.020018 0.682445
2.030018 0.691941
2.040018 0.701355
2.050018 0.710683
2.060018 0.719925
2.070018 0.729078
2.080018 0.738141
2.090018 0.747112
2.100018 0.755990
2.110018 0.764773
2.120018 0.773459
2.130018 0.782047
2.140018 0.790534
2.150017 0.798919
2.160017 0.807201
2.170017 0.815377
2.180017 0.823447
2.190017 0.831408
2.200017 0.839258
2.210017 0.846997
2.220017 0.854622
2.230017 0.862131
2.240017 0.869523
2.250017 0.876797
2.260017 0.883950
2.270017 0.890981
2.280017 0.897888
2.290017 0.904669
2.300017 0.911324
2.310017 0.917849
2.320017 0.924244
2.330017 0.930506
2.340017 0.936634
2.350017 0.942627
2.360017 0.948482
2.370017 0.954199
2.380017 0.959774
2.390017 0.965207
2.400017 0.970496
2.410017 0.975639
2.420017 0.980634
2.430017 0.985481
2.440017 0.990176
2.450017 0.994719
2.460017 0.999108
2.470017 1.003340
2.480017 1.007415
2.490017 1.011331
2.500017 1.015086
2.510017 1.018677
2.520017 1.022105
2.530017 1.025366
2.540017 1.028460
2.550017 1.031384
2.560017 1.034137
2.570017 1.036717
2.580017 1.039123
2.590017 1.041352
2.600017 1.043403
2.610017 1.045275
2.620017 1.046965
2.630017 1.048473
2.640017 1.049796
2.650017 1.050932
2.660017 1.051880
2.670017 1.052639
2.680017 1.053206
2.690017 1.053580
2.700017 1.053759
2.710017 1.053742
2.720017 1.053526
2.730017 1.053111
2.740017 1.052494
2.750017 1.051673
2.760017 1.050648
2.770017 1.049416
2.780017 1.047976
2.790017 1.046325
2.800017 1.044464
2.810017 1.042388
2.820017 1.040097
2.830017 1.037590
2.840017 1.034864
2.850017 1.031918
2.860017 1.028750
2.870017 1.025359
2.880017 1.021742
2.890017 1.017899
2.900017 1.013827
2.910017 1.009524
2.920017 1.004990
2.930017 1.000222
2.940017 0.995218
2.950017 0.989977
2.960017 0.984498
2.970017 0.978778
2.980017 0.972816
2.990017 0.966610
3.000017 0.960159
3.010017 0.953462
3.020017 0.946520
3.030017 0.939338
3.040017 0.931919
3.050017 0.924266
3.060017 0.916383
3.070017 0.908272
3.080017 0.899938
3.090017 0.891383
3.100017 0.882611
3.110017 0.873625
3.120017 0.864429
3.130017 0.855026
3.140017 0.845419
3.150017 0.835612
3.160017 0.825608
3.170017 0.815410
3.180017 0.805022
3.190017 0.794447
3.200016 0.783688
3.210016 0.772749
3.220016 0.761633
3.230016 0.750343
3.240016 0.738883
3.250016 0.727256
3.260016 0.715465
3.270016 0.703515
3.280016 0.691407
3.290016 0.679146
3.300016 0.666734
3.310016 0.654176
3.320016 0.641475
3.330016 0.628633
3.340016 0.615654
3.350016 0.602542
3.360016 0.589299
3.370016 0.575930
3.380016 0.562438
3.390016 0.548825
3.400016 0.535096
3.410016 0.521253
3.420016 0.507300
3.430016 0.493241
3.440016 0.479077
3.450016 0.464814
3.460016 0.450455
3.470016 0.436002
3.480016 0.421459
3.490016 0.406829
3.500016 0.392116
3.510016 0.377323
3.520016 0.362454
3.530016 0.347511
3.540016 0.332498
3.550016 0.317419
3.560016 0.302276
3.570016 0.287074
3.580016 0.271815
3.590016 0.256503
3.600016 0.241141
3.610016 0.225732
3.620016 0.210281
3.630016 0.194789
3.640016 0.179261
3.650016 0.163700
3.660016 0.148109
3.670016 0.132491
3.680016 0.116851
3.690016 0.101191
3.700016 0.085514
3.710016 0.069824
3.720016 0.054125
3.730016 0.038419
3.740016 0.022710
3.750016 0.007002
3.760016 -0.008703
3.770016 -0.024401
3.780016 -0.040089
3.790016 -0.055762
3.800016 -0.071419
3.810016 -0.087056
3.820016 -0.102668
3.830016 -0.118254
3.840016 -0.133809
3.850016 -0.149331
3.860016 -0.164815
3.870016 -0.180259
3.880016 -0.195659
3.890016 -0.211012
3.900016 -0.226314
3.910016 -0.241563
3.920016 -0.256755
3.930016 -0.271886
3.940016 -0.286953
3.950016 -0.301953
3.960016 -0.316882
3.970016 -0.331737
3.980016 -0.346515
3.990016 -0.361213
4.000016 -0.375827
4.010016 -0.390354
4.020016 -0.404790
4.030016 -0.419132
4.040017 -0.433377
4.050017 -0.447521
4.060017 -0.461561
4.070017 -0.475494
4.080018 -0.489316
4.090018 -0.503024
4.100018 -0.516615
4.110018 -0.530085
4.120018 -0.543431
4.130019 -0.556649
4.140019 -0.569737
4.150019 -0.582690
4.160019 -0.595507
4.170020 -0.608182
4.180020 -0.620713
4.190020 -0.633097
4.200020 -0.645330
4.210021 -0.657408
4.220021 -0.669330
4.230021 -0.681090
4.240021 -0.692686
4.250021 -0.704115
4.260022 -0.715372
4.270022 -0.726456
4.280022 -0.737362
4.290022 -0.748086
4.300023 -0.758627
4.310023 -0.768980
4.320023 -0.779142
4.330023 -0.789109
4.340024 -0.798879
4.350024 -0.808448
4.360024 -0.817813
4.370024 -0.826970
4.380024 -0.835916
4.390025 -0.844647
4.400025 -0.853161
4.410025 -0.861454
4.420025 -0.869522
4.430026 -0.877363
4.440026 -0.884972
4.450026 -0.892347
4.460026 -0.899484
4.470026 -0.906380
4.480027 -0.913031
4.490027 -0.919435
4.500027 -0.925588
4.510027 -0.931485
4.520028 -0.937126
4.530028 -0.942504
4.540028 -0.947619
4.550028 -0.952465
4.560029 -0.957040
4.570029 -0.961341
4.580029 -0.965363
4.590029 -0.969105
4.600029 -0.972561
4.610030 -0.975730
4.620030 -0.978607
4.630030 -0.981190
4.640030 -0.983475
4.650031 -0.985458
4.660031 -0.987137
4.670031 -0.988507
4.680031 -0.989567
4.690032 -0.990311
4.700032 -0.990737
4.710032 -0.990842
4.720032 -0.990622
4.730032 -0.990074
4.740033 -0.989195
4.750033 -0.987981
4.760033 -0.986428
4.770033 -0.984535
4.780034 -0.982296
4.790034 -0.979709
4.800034 -0.976771
4.810034 -0.973477
4.820035 -0.969826
4.830035 -0.965813
4.840035 -0.961435
4.850035 -0.956689
4.860035 -0.951570
4.870036 -0.946078
4.880036 -0.940207
4.890036 -0.933954
4.900036 -0.927316
4.910037 -0.920290
4.920037 -0.912873
4.930037 -0.905060
4.940037 -0.896849
4.950037 -0.888236
4.960038 -0.879218
4.970038 -0.869792
4.980038 -0.859954
4.990038 -0.849701


-5.000000 -0.839072
-4.990000 -0.849644
-4.980000 -0.859607
-4.969999 -0.868964
-4.959999 -0.877724
-4.949999 -0.885893
-4.939999 -0.893477
-4.929998 -0.900483
-4.919998 -0.906917
-4.909998 -0.912785
-4.899998 -0.918095
-4.889997 -0.922852
-4.879997 -0.927063
-4.869997 -0.930734
-4.859997 -0.933873
-4.849997 -0.936485
-4.839996 -0.938577
-4.829996 -0.940155
-4.819996 -0.941226
-4.809996 -0.941797
-4.799995 -0.941873
-4.789995 -0.941461
-4.779995 -0.940568
-4.769995 -0.939200
-4.759995 -0.937364
-4.749994 -0.935066
-4.739994 -0.932313
-4.729994 -0.929111
-4.719994 -0.925466
-4.709993 -0.921385
-4.699993 -0.916875
-4.689993 -0.911941
-4.679993 -0.906591
-4.669992 -0.900831
-4.659992 -0.894667
-4.649992 -0.888106
-4.639992 -0.881154
-4.629992 -0.873818
-4.619991 -0.866105
-4.609991 -0.858020
-4.599991 -0.849569
-4.589991 -0.840761
-4.579990 -0.831601
-4.569990 -0.822096
-4.559990 -0.812251
-4.549990 -0.802074
-4.539989 -0.791571
-4.529989 -0.780748
-4.519989 -0.769612
-4.509989 -0.758170
-4.499989 -0.746427
-4.489988 -0.734391
-4.479988 -0.722067
-4.469988 -0.709463
-4.459988 -0.696584
-4.449987 -0.683438
-4.439987 -0.670030
-4.429987 -0.656368
-4.419987 -0.642457
-4.409986 -0.628304
-4.399986 -0.613916
-4.389986 -0.599299
-4.379986 -0.584459
-4.369986 -0.569403
-4.359985 -0.554137
-4.349985 -0.538668
-4.339985 -0.523003
-4.329985 -0.507148
-4.319984 -0.491109
-4.309984 -0.474892
-4.299984 -0.458505
-4.289984 -0.441954
-4.279984 -0.425244
-4.269983 -0.408384
-4.259983 -0.391378
-4.249983 -0.374234
-4.239983 -0.356958
-4.229982 -0.339557
-4.219982 -0.322036
-4.209982 -0.304403
-4.199982 -0.286664
-4.189981 -0.268825
-4.179981 -0.250894
-4.169981 -0.232875
-4.159981 -0.214776
-4.149981 -0.196604
-4.139980 -0.178364
-4.129980 -0.160064
-4.119980 -0.141709
-4.109980 -0.123306
-4.099979 -0.104862
-4.089979 -0.086383
-4.079979 -0.067875
-4.069979 -0.049346
-4.059978 -0.030801
-4.049978 -0.012247
-4.039978 0.006310
-4.029978 0.024863
-4.019978 0.043405
-4.009977 0.061930
-3.999977 0.080432
-3.989977 0.098904
-3.979977 0.117340
-3.969977 0.135733
-3.959977 0.154077
-3.949977 0.172365
-3.939977 0.190591
-3.929977 0.208749
-3.919977 0.226831
-3.909977 0.244832
-3.899977 0.262745
-3.889977 0.280564
-3.879977 0.298281
-3.869977 0.315892
-3.859977 0.333388
-3.849977 0.350764
-3.839978 0.368013
-3.829978 0.385129
-3.819978 0.402106
-3.809978 0.418936
-3.799978 0.435613
-3.789978 0.452131
-3.779978 0.468484
-3.769978 0.484664
-3.759978 0.500666
-3.749978 0.516483
-3.739978 0.532109
-3.729978 0.547536
-3.719978 0.562759
-3.709978 0.577771
-3.699978 0.592567
-3.689978 0.607138
-3.679978 0.621478
-3.669978 0.635582
-3.659978 0.649443
-3.649978 0.663054
-3.639978 0.676409
-3.629978 0.689501
-3.619978 0.702324
-3.609978 0.714872
-3.599978 0.727137
-3.589978 0.739114
-3.579978 0.750796
-3.569978 0.762177
-3.559978 0.773250
-3.549978 0.784008
-3.539978 0.794445
-3.529978 0.804555
-3.519978 0.814332
-3.509978 0.823767
-3.499978 0.832857
-3.489978 0.841593
-3.479978 0.849969
-3.469978 0.857980
-3.459978 0.865617
-3.449978 0.872876
-3.439978 0.879749
-3.429978 0.886230
-3.419978 0.892312
-3.409978 0.897990
-3.399978 0.903256
-3.389978 0.908104
-3.379978 0.912528
-3.369978 0.916521
-3.359978 0.920077
-3.349978 0.923189
-3.339978 0.925851
-3.329978 0.928056
-3.319978 0.929802
-3.309978 0.931095
-3.299978 0.931940
-3.289978 0.932341
-3.279978 0.932304
-3.269978 0.931835
-3.259978 0.930939
-3.249978 0.929622
-3.239978 0.927888
-3.229978 0.925743
-3.219978 0.923193
-3.209978 0.920242
-3.199978 0.916897
-3.189978 0.913162
-3.179978 0.909043
-3.169978 0.904545
-3.159978 0.899674
-3.149978 0.894435
-3.139978 0.888833
-3.129978 0.882874
-3.119978 0.876563
-3.109978 0.869905
-3.099978 0.862907
-3.089978 0.855572
-3.079978 0.847907
-3.069978 0.839917
-3.059978 0.831607
-3.049978 0.822983
-3.039978 0.814050
-3.029978 0.804813
-3.019978 0.795278
-3.009978 0.785450
-2.999978 0.775334
-2.989978 0.764936
-2.979978 0.754261
-2.969978 0.743315
-2.959978 0.732103
-2.949978 0.720630
-2.939978 0.708902
-2.929978 0.696923
-2.919978 0.684700
-2.909978 0.672238
-2.899978 0.659542
-2.889978 0.646617
-2.879978 0.633469
-2.869978 0.620104
-2.859978 0.606526
-2.849978 0.592740
-2.839978 0.578753
-2.829978 0.564570
-2.819978 0.550195
-2.809978 0.535635
-2.799978 0.520895
-2.789979 0.505980
-2.779979 0.490895
-2.769979 0.475646
-2.759979 0.460238
-2.749979 0.444677
-2.739979 0.428967
-2.729979 0.413115
-2.719979 0.397126
-2.709979 0.381004
-2.699979 0.364756
-2.689979 0.348387
-2.679979 0.331902
-2.669979 0.315306
-2.659979 0.298604
-2.649979 0.281804
-2.639979 0.264908
-2.629979 0.247924
-2.619979 0.230856
-2.609979 0.213709
-2.599979 0.196490
-2.589979 0.179203
-2.579979 0.161853
-2.569979 0.144447
-2.559979 0.126989
-2.549979 0.109485
-2.539979 0.091940
-2.529979 0.074360
-2.519979 0.056749
-2.509979 0.039114
-2.499979 0.021460
-2.489979 0.003791
-2.479979 -0.013886
-2.469979 -0.031566
-2.459979 -0.049245
-2.449979 -0.066916
-2.439979 -0.084573
-2.429979 -0.102213
-2.419979 -0.119830
-2.409979 -0.137417
-2.399979 -0.154970
-2.389979 -0.172484
-2.379979 -0.189952
-2.369979 -0.207371
-2.359979 -0.224733
-2.349979 -0.242034
-2.339979 -0.259269
-2.329979 -0.276432
-2.319979 -0.293518
-2.309979 -0.310521
-2.299979 -0.327437
-2.289979 -0.344259
-2.279979 -0.360982
-2.269979 -0.377602
-2.259979 -0.394112
-2.249979 -0.410507
-2.239979 -0.426782
-2.229979 -0.442932
-2.219979 -0.458951
-2.209979 -0.474834
-2.199979 -0.490575
-2.189979 -0.506170
-2.179979 -0.521612
-2.169979 -0.536896
-2.159979 -0.552018
-2.149979 -0.566971
-2.139979 -0.581750
-2.129979 -0.596350
-2.119979 -0.610766
-2.109979 -0.624992
-2.099979 -0.639022
-2.089979 -0.652853
-2.079979 -0.666477
-2.069979 -0.679890
-2.059979 -0.693086
-2.049979 -0.706060
-2.039979 -0.718807
-2.029979 -0.731322
-2.019979 -0.743598
-2.009979 -0.755630
-1.999979 -0.767414
-1.989979 -0.778944
-1.979979 -0.790214
-1.969979 -0.801219
-1.959979 -0.811954
-1.949979 -0.822413
-1.939979 -0.832592
-1.929979 -0.842483
-1.919979 -0.852083
-1.909979 -0.861387
-1.899979 -0.870387
-1.889979 -0.879080
-1.879979 -0.887459
-1.869979 -0.895520
-1.859979 -0.903257
-1.849979 -0.910665
-1.839979 -0.917738
-1.829979 -0.924471
-1.819979 -0.930859
-1.809979 -0.936896
-1.799979 -0.942577
-1.789979 -0.947896
-1.779979 -0.952849
-1.769979 -0.957429
-1.759979 -0.961632
-1.749979 -0.965452
-1.739980 -0.968883
-1.729980 -0.971921
-1.719980 -0.974560
-1.709980 -0.976795
-1.699980 -0.978620
-1.689980 -0.980029
-1.679980 -0.981019
-1.669980 -0.981582
-1.659980 -0.981715
-1.649980 -0.981418
-1.639980 -0.980697
-1.629980 -0.979557
-1.619980 -0.978003
-1.609980 -0.976040
-1.599980 -0.973673
-1.589980 -0.970908
-1.579980 -0.967750
-1.569980 -0.964204
-1.559980 -0.960275
-1.549980 -0.955968
-1.539980 -0.951289
-1.529980 -0.946242
-1.519980 -0.940833
-1.509980 -0.935067
-1.499980 -0.928950
-1.489980 -0.922485
-1.479980 -0.915680
-1.469980 -0.908538
-1.459980 -0.901065
-1.449980 -0.893266
-1.439980 -0.885146
-1.429980 -0.876711
-1.419980 -0.867965
-1.409980 -0.858915
-1.399980 -0.849564
-1.389980 -0.839919
-1.379980 -0.829983
-1.369980 -0.819764
-1.359980 -0.809265
-1.349980 -0.798492
-1.339980 -0.787450
-1.329980 -0.776145
-1.319980 -0.764581
-1.309980 -0.752763
-1.299980 -0.740698
-1.289980 -0.728389
-1.279980 -0.715843
-1.269980 -0.703064
-1.259980 -0.690057
-1.249980 -0.676829
-1.239980 -0.663383
-1.229980 -0.649725
-1.219980 -0.635861
-1.209980 -0.621794
-1.199980 -0.607532
-1.189980 -0.593078
-1.179980 -0.578439
-1.169980 -0.563618
-1.159980 -0.548622
-1.149980 -0.533456
-1.139980 -0.518124
-1.129980 -0.502632
-1.119980 -0.486985
-1.109980 -0.471188
-1.099980 -0.455247
-1.089980 -0.439167
-1.079980 -0.422952
-1.069980 -0.406608
-1.059980 -0.390141
-1.049980 -0.373554
-1.039980 -0.356854
-1.029980 -0.340046
-1.019980 -0.323135
-1.009980 -0.306126
-0.999980 -0.289024
-0.989980 -0.271835
-0.979980 -0.254563
-0.969980 -0.237214
-0.959980 -0.219793
-0.949980 -0.202305
-0.939980 -0.184756
-0.929980 -0.167150
-0.919980 -0.149492
-0.909980 -0.131789
-0.899980 -0.114044
-0.889980 -0.096264
-0.879980 -0.078453
-0.869980 -0.060617
-0.859980 -0.042761
-0.849980 -0.024889
-0.839980 -0.007008
-0.829980 0.010878
-0.819980 0.028763
-0.809980 0.046643
-0.799980 0.064512
-0.789980 0.082365
-0.779980 0.100197
-0.769980 0.118002
-0.759980 0.135775
-0.749980 0.153512
-0.739980 0.171207
-0.729980 0.188855
-0.719980 0.206450
-0.709980 0.223988
-0.699980 0.241464
-0.689981 0.258871
-0.679981 0.276205
-0.669981 0.293462
-0.659981 0.310634
-0.649981 0.327718
-0.639981 0.344709
-0.629981 0.361600
-0.619981 0.378388
-0.609981 0.395066
-0.599981 0.411630
-0.589981 0.428074
-0.579981 0.444393
-0.569981 0.460582
-0.559981 0.476635
-0.549981 0.492549
-0.539981 0.508317
-0.529981 0.523934
-0.519981 0.539395
-0.509981 0.554695
-0.499981 0.569829
-0.489981 0.584792
-0.479981 0.599577
-0.469981 0.614181
-0.459981 0.628598
-0.449981 0.642823
-0.439981 0.656850
-0.429981 0.670675
-0.419981 0.684292
-0.409981 0.697696
-0.399981 0.710881
-0.389981 0.723844
-0.379981 0.736578
-0.369981 0.749079
-0.359981 0.761341
-0.349981 0.773358
-0.339981 0.785127
-0.329981 0.796641
-0.319981 0.807896
-0.309981 0.818886
-0.299981 0.829606
-0.289981 0.840051
-0.279981 0.850215
-0.269981 0.860094
-0.259981 0.869683
-0.249981 0.878976
-0.239981 0.887967
-0.229981 0.896653
-0.219981 0.905027
-0.209981 0.913085
-0.199981 0.920821
-0.189981 0.928230
-0.179981 0.935307
-0.169981 0.942047
-0.159981 0.948444
-0.149981 0.954494
-0.139981 0.960190
-0.129981 0.965529
-0.119981 0.970505
-0.109981 0.975112
-0.099981 0.979346
-0.089981 0.983201
-0.079981 0.986672
-0.069981 0.989754
-0.059981 0.992442
-0.049981 0.994731
-0.039981 0.996614
-0.029981 0.998089
-0.019981 0.999148
-0.009981 0.999786
0.000019 1.000000
0.010019 0.999785
0.020019 0.999144
0.030019 0.998084
0.040019 0.996608
0.050019 0.994723
0.060019 0.992433
0.070019 0.989743
0.080019 0.986660
0.090019 0.983187
0.100019 0.979331
0.110019 0.975095
0.120019 0.970487
0.130019 0.965510
0.140019 0.960169
0.150019 0.954471
0.160019 0.948420
0.170019 0.942021
0.180019 0.935280
0.190019 0.928202
0.200019 0.920792
0.210019 0.913055
0.220019 0.904996
0.230019 0.896620
0.240019 0.887934
0.250019 0.878941
0.260019 0.869647
0.270019 0.860057
0.280019 0.850177
0.290019 0.840011
0.300019 0.829565
0.310019 0.818844
0.320019 0.807853
0.330019 0.796597
0.340019 0.785082
0.350019 0.773313
0.360019 0.761294
0.370019 0.749032
0.380019 0.736530
0.390019 0.723795
0.400019 0.710831
0.410019 0.697644
0.420019 0.684240
0.430019 0.670622
0.440019 0.656796
0.450019 0.642768
0.460019 0.628543
0.470019 0.614125
0.480019 0.599521
0.490019 0.584734
0.500019 0.569771
0.510019 0.554637
0.520019 0.539336
0.530019 0.523874
0.540019 0.508257
0.550019 0.492488
0.560019 0.476574
0.570019 0.460520
0.580019 0.444330
0.590019 0.428010
0.600019 0.411566
0.610019 0.395002
0.620019 0.378324
0.630019 0.361536
0.640019 0.344644
0.650019 0.327653
0.660019 0.310569
0.670019 0.293395
0.680019 0.276139
0.690019 0.258804
0.700019 0.241396
0.710019 0.223921
0.720019 0.206383
0.730019 0.188787
0.740019 0.171139
0.750019 0.153444
0.760019 0.135707
0.770019 0.117933
0.780019 0.100128
0.790019 0.082296
0.800019 0.064443
0.810019 0.046574
0.820019 0.028694
0.830019 0.010809
0.840019 -0.007077
0.850019 -0.024958
0.860019 -0.042830
0.870019 -0.060686
0.880019 -0.078522
0.890019 -0.096333
0.900019 -0.114113
0.910019 -0.131857
0.920019 -0.149560
0.930019 -0.167217
0.940019 -0.184823
0.950019 -0.202373
0.960019 -0.219860
0.970019 -0.237281
0.980018 -0.254630
0.990018 -0.271901
1.000018 -0.289090
1.010018 -0.306192
1.020018 -0.323201
1.030018 -0.340111
1.040018 -0.356919
1.050018 -0.373618
1.060018 -0.390204
1.070018 -0.406671
1.080018 -0.423015
1.090018 -0.439229
1.100018 -0.455309
1.110018 -0.471250
1.120018 -0.487045
1.130018 -0.502692
1.140018 -0.518183
1.150018 -0.533514
1.160018 -0.548680
1.170018 -0.563676
1.180018 -0.578496
1.190018 -0.593134
1.200018 -0.607587
1.210018 -0.621849
1.220018 -0.635914
1.230018 -0.649778
1.240018 -0.663435
1.250018 -0.676880
1.260018 -0.690108
1.270018 -0.703114
1.280018 -0.715892
1.290018 -0.728437
1.300018 -0.740745
1.310018 -0.752810
1.320018 -0.764626
1.330018 -0.776189
1.340018 -0.787494
1.350018 -0.798534
1.360018 -0.809306
1.370018 -0.819804
1.380018 -0.830022
1.390018 -0.839957
1.400018 -0.849601
1.410018 -0.858951
1.420018 -0.868000
1.430018 -0.876744
1.440018 -0.885178
1.450018 -0.893296
1.460018 -0.901094
1.470018 -0.908566
1.480018 -0.915707
1.490018 -0.922511
1.500018 -0.928974
1.510018 -0.935090
1.520018 -0.940855
1.530018 -0.946262
1.540018 -0.951308
1.550018 -0.955986
1.560018 -0.960291
1.570018 -0.964219
1.580018 -0.967763
1.590018 -0.970920
1.600018 -0.973683
1.610018 -0.976049
1.620018 -0.978010
1.630018 -0.979562
1.640018 -0.980701
1.650018 -0.981420
1.660018 -0.981715
1.670018 -0.981581
1.680018 -0.981016
1.690018 -0.980025
1.700018 -0.978614
1.710018 -0.976787
1.720018 -0.974551
1.730018 -0.971911
1.740018 -0.968871
1.750018 -0.965438
1.760018 -0.961617
1.770018 -0.957412
1.780018 -0.952831
1.790018 -0.947877
1.800018 -0.942556
1.810018 -0.936873
1.820018 -0.930835
1.830018 -0.924446
1.840018 -0.917712
1.850018 -0.910637
1.860018 -0.903228
1.870018 -0.895490
1.880018 -0.887428
1.890018 -0.879047
1.900018 -0.870353
1.910018 -0.861351
1.920018 -0.852047
1.930018 -0.842446
1.940018 -0.832553
1.950018 -0.822374
1.960018 -0.811913
1.970018 -0.801177
1.980018 -0.790171
1.990018 -0.778900
2.000018 -0.767369
2.010018 -0.755585
2.020018 -0.743551
2.030018 -0.731274
2.040018 -0.718759
2.050018 -0.706011
2.060018 -0.693036
2.070018 -0.679838
2.080018 -0.666425
2.090018 -0.652799
2.100018 -0.638969
2.110018 -0.624937
2.120018 -0.610711
2.130018 -0.596294
2.140018 -0.581693
2.150017 -0.566913
2.160017 -0.551959
2.170017 -0.536837
2.180017 -0.521552
2.190017 -0.506110
2.200017 -0.490515
2.210017 -0.474773
2.220017 -0.458889
2.230017 -0.442870
2.240017 -0.426720
2.250017 -0.410444
2.260017 -0.394048
2.270017 -0.377537
2.280017 -0.360918
2.290017 -0.344194
2.300017 -0.327371
2.310017 -0.310455
2.320017 -0.293452
2.330017 -0.276366
2.340017 -0.259203
2.350017 -0.241967
2.360017 -0.224665
2.370017 -0.207303
2.380017 -0.189884
2.390017 -0.172416
2.400017 -0.154902
2.410017 -0.137349
2.420017 -0.119761
2.430017 -0.102145
2.440017 -0.084505
2.450017 -0.066847
2.460017 -0.049176
2.470017 -0.031498
2.480017 -0.013817
2.490017 0.003860
2.500017 0.021528
2.510017 0.039183
2.520017 0.056818
2.530017 0.074428
2.540017 0.092009
2.550017 0.109553
2.560017 0.127057
2.570017 0.144515
2.580017 0.161921
2.590017 0.179270
2.600017 0.196557
2.610017 0.213776
2.620017 0.230923
2.630017 0.247990
2.640017 0.264974
2.650017 0.281869
2.660017 0.298670
2.670017 0.315371
2.680017 0.331966
2.690017 0.348451
2.700017 0.364820
2.710017 0.381067
2.720017 0.397188
2.730017 0.413177
2.740017 0.429029
2.750017 0.444738
2.760017 0.460298
2.770017 0.475706
2.780017 0.490954
2.790017 0.506038
2.800017 0.520953
2.810017 0.535693
2.820017 0.550252
2.830017 0.564626
2.840017 0.578808
2.850017 0.592795
2.860017 0.606579
2.870017 0.620156
2.880017 0.633521
2.890017 0.646668
2.900017 0.659592
2.910017 0.672287
2.920017 0.684749
2.930017 0.696971
2.940017 0.708948
2.950017 0.720676
2.960017 0.732148
2.970017 0.743359
2.980017 0.754304
2.990017 0.764977
3.000017 0.775374
3.010017 0.785489
3.020017 0.795316
3.030017 0.804850
3.040017 0.814086
3.050017 0.823018
3.060017 0.831641
3.070017 0.839949
3.080017 0.847938
3.090017 0.855602
3.100017 0.862935
3.110017 0.869933
3.120017 0.876589
3.130017 0.882898
3.140017 0.888856
3.150017 0.894457
3.160017 0.899694
3.170017 0.904564
3.180017 0.909060
3.190017 0.913178
3.200016 0.916911
3.210016 0.920255
3.220016 0.923204
3.230016 0.925753
3.240016 0.927896
3.250016 0.929628
3.260016 0.930944
3.270016 0.931839
3.280016 0.932306
3.290016 0.932341
3.300016 0.931938
3.310016 0.931092
3.320016 0.929798
3.330016 0.928049
3.340016 0.925842
3.350016 0.923178
3.360016 0.920065
3.370016 0.916507
3.380016 0.912512
3.390016 0.908087
3.400016 0.903237
3.410016 0.897969
3.420016 0.892290
3.430016 0.886206
3.440016 0.879723
3.450016 0.872848
3.460016 0.865589
3.470016 0.857949
3.480016 0.849938
3.490016 0.841560
3.500016 0.832822
3.510016 0.823732
3.520016 0.814295
3.530016 0.804517
3.540016 0.794406
3.550016 0.783967
3.560016 0.773207
3.570016 0.762134
3.580016 0.750752
3.590016 0.739069
3.600016 0.727091
3.610016 0.714824
3.620016 0.702276
3.630016 0.689451
3.640016 0.676358
3.650016 0.663002
3.660016 0.649390
3.670016 0.635528
3.680016 0.621423
3.690016 0.607082
3.700016 0.592510
3.710016 0.577714
3.720016 0.562701
3.730016 0.547477
3.740016 0.532049
3.750016 0.516423
3.760016 0.500605
3.770016 0.484602
3.780016 0.468421
3.790016 0.452068
3.800016 0.435549
3.810016 0.418871
3.820016 0.402040
3.830016 0.385064
3.840016 0.367947
3.850016 0.350697
3.860016 0.333321
3.870016 0.315824
3.880016 0.298213
3.890016 0.280495
3.900016 0.262676
3.910016 0.244763
3.920016 0.226762
3.930016 0.208679
3.940016 0.190521
3.950016 0.172295
3.960016 0.154006
3.970016 0.135662
3.980016 0.117269
3.990016 0.098833
4.000016 0.080361
4.010016 0.061859
4.020016 0.043333
4.030016 0.024791
4.040017 0.006238
4.050017 -0.012319
4.060017 -0.030873
4.070017 -0.049418
4.080018 -0.067947
4.090018 -0.086454
4.100018 -0.104933
4.110018 -0.123377
4.120018 -0.141780
4.130019 -0.160135
4.140019 -0.178435
4.150019 -0.196674
4.160019 -0.214846
4.170020 -0.232945
4.180020 -0.250963
4.190020 -0.268895
4.200020 -0.286733
4.210021 -0.304472
4.220021 -0.322104
4.230021 -0.339624
4.240021 -0.357025
4.250021 -0.374301
4.260022 -0.391444
4.270022 -0.408449
4.280022 -0.425309
4.290022 -0.442018
4.300023 -0.458569
4.310023 -0.474955
4.320023 -0.491171
4.330023 -0.507210
4.340024 -0.523064
4.350024 -0.538729
4.360024 -0.554197
4.370024 -0.569461
4.380024 -0.584517
4.390025 -0.599355
4.400025 -0.613972
4.410025 -0.628359
4.420025 -0.642511
4.430026 -0.656421
4.440026 -0.670083
4.450026 -0.683490
4.460026 -0.696635
4.470026 -0.709512
4.480027 -0.722115
4.490027 -0.734438
4.500027 -0.746473
4.510027 -0.758214
4.520028 -0.769656
4.530028 -0.780790
4.540028 -0.791612
4.550028 -0.802113
4.560029 -0.812289
4.570029 -0.822133
4.580029 -0.831637
4.590029 -0.840796
4.600029 -0.849603
4.610030 -0.858051
4.620030 -0.866135
4.630030 -0.873847
4.640030 -0.881182
4.650031 -0.888132
4.660031 -0.894691
4.670031 -0.900853
4.680031 -0.906612
4.690032 -0.911961
4.700032 -0.916892
4.710032 -0.921401
4.720032 -0.925480
4.730032 -0.929123
4.740033 -0.932324
4.750033 -0.935075
4.760033 -0.937372
4.770033 -0.939206
4.780034 -0.940572
4.790034 -0.941463
4.800034 -0.941873
4.810034 -0.941795
4.820035 -0.941222
4.830035 -0.940149
4.840035 -0.938569
4.850035 -0.936475
4.860035 -0.933861
4.870036 -0.930721
4.880036 -0.927047
4.890036 -0.922834
4.900036 -0.918075
4.910037 -0.912763
4.920037 -0.906892
4.930037 -0.900456
4.940037 -0.893448
4.950037 -0.885862
4.960038 -0.877691
4.970038 -0.868929
4.980038 -0.859568
4.990038 -0.849604


-5.000000 -0.839072
-4.990000 -0.849739
-4.980000 -0.859984
-4.969999 -0.869808
-4.959999 -0.879212
-4.949999 -0.888199
-4.939999 -0.896772
-4.929998 -0.904931
-4.919998 -0.912678
-4.909998 -0.920017
-4.899998 -0.926949
-4.889997 -0.933476
-4.879997 -0.939600
-4.869997 -0.945322
-4.859997 -0.950646
-4.849997 -0.955572
-4.839996 -0.960104
-4.829996 -0.964243
-4.819996 -0.967990
-4.809996 -0.971349
-4.799995 -0.974321
-4.789995 -0.976908
-4.779995 -0.979112
-4.769995 -0.980935
-4.759995 -0.982379
-4.749994 -0.983447
-4.739994 -0.984140
-4.729994 -0.984459
-4.719994 -0.984408
-4.709993 -0.983988
-4.699993 -0.983202
-4.689993 -0.982051
-4.679993 -0.980536
-4.669992 -0.978662
-4.659992 -0.976428
-4.649992 -0.973838
-4.639992 -0.970893
-4.629992 -0.967595
-4.619991 -0.963946
-4.609991 -0.959949
-4.599991 -0.955606
-4.589991 -0.950918
-4.579990 -0.945887
-4.569990 -0.940515
-4.559990 -0.934805
-4.549990 -0.928759
-4.539989 -0.922377
-4.529989 -0.915664
-4.519989 -0.908619
-4.509989 -0.901247
-4.499989 -0.893547
-4.489988 -0.885524
-4.479988 -0.877178
-4.469988 -0.868511
-4.459988 -0.859526
-4.449987 -0.850224
-4.439987 -0.840608
-4.429987 -0.830680
-4.419987 -0.820441
-4.409986 -0.809894
-4.399986 -0.799041
-4.389986 -0.787883
-4.379986 -0.776423
-4.369986 -0.764663
-4.359985 -0.752604
-4.349985 -0.740249
-4.339985 -0.727600
-4.329985 -0.714659
-4.319984 -0.701427
-4.309984 -0.687907
-4.299984 -0.674101
-4.289984 -0.660011
-4.279984 -0.645638
-4.269983 -0.630986
-4.259983 -0.616055
-4.249983 -0.600848
-4.239983 -0.585367
-4.229982 -0.569614
-4.219982 -0.553592
-4.209982 -0.537309
-4.199982 -0.520774
-4.189981 -0.503994
-4.179981 -0.486979
-4.169981 -0.469738
-4.159981 -0.452277
-4.149981 -0.434607
-4.139980 -0.416736
-4.129980 -0.398672
-4.119980 -0.380423
-4.109980 -0.361999
-4.099979 -0.343407
-4.089979 -0.324657
-4.079979 -0.305757
-4.069979 -0.286715
-4.059978 -0.267540
-4.049978 -0.248240
-4.039978 -0.228824
-4.029978 -0.209301
-4.019978 -0.189679
-4.009977 -0.169966
-3.999977 -0.150172
-3.989977 -0.130305
-3.979977 -0.110372
-3.969977 -0.090384
-3.959977 -0.070347
-3.949977 -0.050271
-3.939977 -0.030165
-3.929977 -0.010036
-3.919977 0.010106
-3.909977 0.030254
-3.899977 0.050398
-3.889977 0.070530
-3.879977 0.090642
-3.869977 0.110725
-3.859977 0.130771
-3.849977 0.150770
-3.839978 0.170715
-3.829978 0.190597
-3.819978 0.210407
-3.809978 0.230137
-3.799978 0.249779
-3.789978 0.269323
-3.779978 0.288762
-3.769978 0.308086
-3.759978 0.327287
-3.749978 0.346358
-3.739978 0.365288
-3.729978 0.384070
-3.719978 0.402695
-3.709978 0.421155
-3.699978 0.439441
-3.689978 0.457544
-3.679978 0.475456
-3.669978 0.493169
-3.659978 0.510673
-3.649978 0.527961
-3.639978 0.545025
-3.629978 0.561854
-3.619978 0.578441
-3.609978 0.594777
-3.599978 0.610854
-3.589978 0.626664
-3.579978 0.642197
-3.569978 0.657445
-3.559978 0.672400
-3.549978 0.687053
-3.539978 0.701396
-3.529978 0.715419
-3.519978 0.729116
-3.509978 0.742476
-3.499978 0.755491
-3.489978 0.768154
-3.479978 0.780455
-3.469978 0.792386
-3.459978 0.803938
-3.449978 0.815106
-3.439978 0.825889
-3.429978 0.836288
-3.419978 0.846305
-3.409978 0.855941
-3.399978 0.865197
-3.389978 0.874074
-3.379978 0.882572
-3.369978 0.890694
-3.359978 0.898440
-3.349978 0.905812
-3.339978 0.912809
-3.329978 0.919435
-3.319978 0.925689
-3.309978 0.931573
-3.299978 0.937088
-3.289978 0.942234
-3.279978 0.947014
-3.269978 0.951428
-3.259978 0.955477
-3.249978 0.959163
-3.239978 0.962486
-3.229978 0.965448
-3.219978 0.968049
-3.209978 0.970291
-3.199978 0.972175
-3.189978 0.973702
-3.179978 0.974873
-3.169978 0.975689
-3.159978 0.976152
-3.149978 0.976262
-3.139978 0.976020
-3.129978 0.975429
-3.119978 0.974487
-3.109978 0.973198
-3.099978 0.971561
-3.089978 0.969579
-3.079978 0.967252
-3.069978 0.964580
-3.059978 0.961567
-3.049978 0.958211
-3.039978 0.954515
-3.029978 0.950480
-3.019978 0.946107
-3.009978 0.941396
-2.999978 0.936349
-2.989978 0.930968
-2.979978 0.925252
-2.969978 0.919204
-2.959978 0.912824
-2.949978 0.906113
-2.939978 0.899073
-2.929978 0.891705
-2.919978 0.884009
-2.909978 0.875988
-2.899978 0.867641
-2.889978 0.858971
-2.879978 0.849977
-2.869978 0.840662
-2.859978 0.831026
-2.849978 0.821070
-2.839978 0.810797
-2.829978 0.800206
-2.819978 0.789298
-2.809978 0.778076
-2.799978 0.766539
-2.789979 0.754690
-2.779979 0.742529
-2.769979 0.730057
-2.759979 0.717275
-2.749979 0.704185
-2.739979 0.690788
-2.729979 0.677084
-2.719979 0.663075
-2.709979 0.648762
-2.699979 0.634146
-2.689979 0.619228
-2.679979 0.604012
-2.669979 0.588505
-2.659979 0.572717
-2.649979 0.556656
-2.639979 0.540330
-2.629979 0.523749
-2.619979 0.506922
-2.609979 0.489856
-2.599979 0.472560
-2.589979 0.455044
-2.579979 0.437316
-2.569979 0.419385
-2.559979 0.401258
-2.549979 0.382946
-2.539979 0.364457
-2.529979 0.345799
-2.519979 0.326981
-2.509979 0.308012
-2.499979 0.288901
-2.489979 0.269656
-2.479979 0.250285
-2.469979 0.230799
-2.459979 0.211204
-2.449979 0.191511
-2.439979 0.171727
-2.429979 0.151862
-2.419979 0.131924
-2.409979 0.111921
-2.399979 0.091864
-2.389979 0.071759
-2.379979 0.051616
-2.369979 0.031444
-2.359979 0.011251
-2.349979 -0.008954
-2.339979 -0.029162
-2.329979 -0.049365
-2.319979 -0.069554
-2.309979 -0.089720
-2.299979 -0.109854
-2.289979 -0.129949
-2.279979 -0.149994
-2.269979 -0.169982
-2.259979 -0.189904
-2.249979 -0.209751
-2.239979 -0.229514
-2.229979 -0.249185
-2.219979 -0.268754
-2.209979 -0.288214
-2.199979 -0.307556
-2.189979 -0.326770
-2.179979 -0.345849
-2.169979 -0.364783
-2.159979 -0.383564
-2.149979 -0.402183
-2.139979 -0.420631
-2.129979 -0.438900
-2.119979 -0.456981
-2.109979 -0.474866
-2.099979 -0.492545
-2.089979 -0.510009
-2.079979 -0.527251
-2.069979 -0.544262
-2.059979 -0.561032
-2.049979 -0.577554
-2.039979 -0.593818
-2.029979 -0.609815
-2.019979 -0.625538
-2.009979 -0.640977
-1.999979 -0.656123
-1.989979 -0.670969
-1.979979 -0.685504
-1.969979 -0.699722
-1.959979 -0.713612
-1.949979 -0.727166
-1.939979 -0.740376
-1.929979 -0.753232
-1.919979 -0.765727
-1.909979 -0.777854
-1.899979 -0.789614
-1.889979 -0.801008
-1.879979 -0.812035
-1.869979 -0.822697
-1.859979 -0.832994
-1.849979 -0.842926
-1.839979 -0.852495
-1.829979 -0.861700
-1.819979 -0.870543
-1.809979 -0.879024
-1.799979 -0.887143
-1.789979 -0.894901
-1.779979 -0.902299
-1.769979 -0.909337
-1.759979 -0.916015
-1.749979 -0.922335
-1.739980 -0.928297
-1.729980 -0.933901
-1.719980 -0.939148
-1.709980 -0.944039
-1.699980 -0.948573
-1.689980 -0.952753
-1.679980 -0.956578
-1.669980 -0.960048
-1.659980 -0.963165
-1.649980 -0.965929
-1.639980 -0.968340
-1.629980 -0.970399
-1.619980 -0.972107
-1.609980 -0.973465
-1.599980 -0.974472
-1.589980 -0.975129
-1.579980 -0.975437
-1.569980 -0.975397
-1.559980 -0.975009
-1.549980 -0.974273
-1.539980 -0.973191
-1.529980 -0.971762
-1.519980 -0.969987
-1.509980 -0.967868
-1.499980 -0.965404
-1.489980 -0.962595
-1.479980 -0.959444
-1.469980 -0.955949
-1.459980 -0.952112
-1.449980 -0.947934
-1.439980 -0.943414
-1.429980 -0.938554
-1.419980 -0.933354
-1.409980 -0.927814
-1.399980 -0.921935
-1.389980 -0.915718
-1.379980 -0.909163
-1.369980 -0.902271
-1.359980 -0.895042
-1.349980 -0.887478
-1.339980 -0.879577
-1.329980 -0.871342
-1.319980 -0.862772
-1.309980 -0.853869
-1.299980 -0.844632
-1.289980 -0.835063
-1.279980 -0.825161
-1.269980 -0.814928
-1.259980 -0.804364
-1.249980 -0.793470
-1.239980 -0.782245
-1.229980 -0.770692
-1.219980 -0.758810
-1.209980 -0.746599
-1.199980 -0.734061
-1.189980 -0.721196
-1.179980 -0.708004
-1.169980 -0.694487
-1.159980 -0.680644
-1.149980 -0.666477
-1.139980 -0.651988
-1.129980 -0.637188
-1.119980 -0.622084
-1.109980 -0.606685
-1.099980 -0.591000
-1.089980 -0.575037
-1.079980 -0.558806
-1.069980 -0.542315
-1.059980 -0.525573
-1.049980 -0.508588
-1.039980 -0.491369
-1.029980 -0.473926
-1.019980 -0.456266
-1.009980 -0.438398
-0.999980 -0.420332
-0.989980 -0.402075
-0.979980 -0.383637
-0.969980 -0.365026
-0.959980 -0.346252
-0.949980 -0.327322
-0.939980 -0.308245
-0.929980 -0.289031
-0.919980 -0.269688
-0.909980 -0.250224
-0.899980 -0.230649
-0.889980 -0.210971
-0.879980 -0.191199
-0.869980 -0.171342
-0.859980 -0.151407
-0.849980 -0.131405
-0.839980 -0.111344
-0.829980 -0.091231
-0.819980 -0.071078
-0.809980 -0.050891
-0.799980 -0.030680
-0.789980 -0.010453
-0.779980 0.009781
-0.769980 0.030013
-0.759980 0.050234
-0.749980 0.070436
-0.739980 0.090610
-0.729980 0.110747
-0.719980 0.130839
-0.709980 0.150876
-0.699980 0.170851
-0.689981 0.190754
-0.679981 0.210577
-0.669981 0.230310
-0.659981 0.249946
-0.649981 0.269475
-0.639981 0.288889
-0.629981 0.308178
-0.619981 0.327335
-0.609981 0.346351
-0.599981 0.365216
-0.589981 0.383923
-0.579981 0.402461
-0.569981 0.420824
-0.559981 0.439001
-0.549981 0.456985
-0.539981 0.474765
-0.529981 0.492335
-0.519981 0.509685
-0.509981 0.526806
-0.499981 0.543689
-0.489981 0.560326
-0.479981 0.576708
-0.469981 0.592827
-0.459981 0.608673
-0.449981 0.624239
-0.439981 0.639514
-0.429981 0.654491
-0.419981 0.669160
-0.409981 0.683514
-0.399981 0.697543
-0.389981 0.711238
-0.379981 0.724592
-0.369981 0.737598
-0.359981 0.750258
-0.349981 0.762571
-0.339981 0.774537
-0.329981 0.786157
-0.319981 0.797429
-0.309981 0.808355
-0.299981 0.818933
-0.289981 0.829165
-0.279981 0.839050
-0.269981 0.848588
-0.259981 0.857779
-0.249981 0.866624
-0.239981 0.875121
-0.229981 0.883272
-0.219981 0.891075
-0.209981 0.898532
-0.199981 0.905642
-0.189981 0.912406
-0.179981 0.918822
-0.169981 0.924891
-0.159981 0.930614
-0.149981 0.935990
-0.139981 0.941019
-0.129981 0.945701
-0.119981 0.950036
-0.109981 0.954024
-0.099981 0.957665
-0.089981 0.960960
-0.079981 0.963908
-0.069981 0.966508
-0.059981 0.968762
-0.049981 0.970669
-0.039981 0.972230
-0.029981 0.973443
-0.019981 0.974310
-0.009981 0.974829
0.000019 0.975002
0.010019 0.974828
0.020019 0.974307
0.030019 0.973439
0.040019 0.972224
0.050019 0.970663
0.060019 0.968754
0.070019 0.966499
0.080019 0.963897
0.090019 0.960948
0.100019 0.957652
0.110019 0.954009
0.120019 0.950020
0.130019 0.945683
0.140019 0.941000
0.150019 0.935970
0.160019 0.930593
0.170019 0.924869
0.180019 0.918798
0.190019 0.912380
0.200019 0.905616
0.210019 0.898504
0.220019 0.891046
0.230019 0.883241
0.240019 0.875089
0.250019 0.866590
0.260019 0.857745
0.270019 0.848552
0.280019 0.839013
0.290019 0.829126
0.300019 0.818893
0.310019 0.808313
0.320019 0.797386
0.330019 0.786113
0.340019 0.774492
0.350019 0.762525
0.360019 0.750210
0.370019 0.737549
0.380019 0.724541
0.390019 0.711187
0.400019 0.697490
0.410019 0.683460
0.420019 0.669105
0.430019 0.654434
0.440019 0.639456
0.450019 0.624180
0.460019 0.608613
0.470019 0.592766
0.480019 0.576646
0.490019 0.560263
0.500019 0.543625
0.510019 0.526740
0.520019 0.509619
0.530019 0.492268
0.540019 0.474698
0.550019 0.456916
0.560019 0.438932
0.570019 0.420754
0.580019 0.402391
0.590019 0.383851
0.600019 0.365144
0.610019 0.346278
0.620019 0.327262
0.630019 0.308105
0.640019 0.288814
0.650019 0.269400
0.660019 0.249871
0.670019 0.230235
0.680019 0.210501
0.690019 0.190678
0.700019 0.170775
0.710019 0.150800
0.720019 0.130762
0.730019 0.110670
0.740019 0.090533
0.750019 0.070359
0.760019 0.050157
0.770019 0.029935
0.780019 0.009703
0.790019 -0.010530
0.800019 -0.030757
0.810019 -0.050968
0.820019 -0.071155
0.830019 -0.091309
0.840019 -0.111420
0.850019 -0.131482
0.860019 -0.151484
0.870019 -0.171418
0.880019 -0.191275
0.890019 -0.211047
0.900019 -0.230725
0.910019 -0.250299
0.920019 -0.269762
0.930019 -0.289105
0.940019 -0.308319
0.950019 -0.327395
0.960019 -0.346324
0.970019 -0.365098
0.980018 -0.383708
0.990018 -0.402145
1.000018 -0.420401
1.010018 -0.438467
1.020018 -0.456334
1.030018 -0.473993
1.040018 -0.491436
1.050018 -0.508654
1.060018 -0.525638
1.070018 -0.542379
1.080018 -0.558869
1.090018 -0.575099
1.100018 -0.591061
1.110018 -0.606745
1.120018 -0.622142
1.130018 -0.637245
1.140018 -0.652045
1.150018 -0.666532
1.160018 -0.680698
1.170018 -0.694539
1.180018 -0.708056
1.190018 -0.721246
1.200018 -0.734110
1.210018 -0.746647
1.220018 -0.758856
1.230018 -0.770737
1.240018 -0.782289
1.250018 -0.793512
1.260018 -0.804406
1.270018 -0.814968
1.280018 -0.825200
1.290018 -0.835100
1.300018 -0.844668
1.310018 -0.853904
1.320018 -0.862806
1.330018 -0.871374
1.340018 -0.879608
1.350018 -0.887507
1.360018 -0.895071
1.370018 -0.902298
1.380018 -0.909189
1.390018 -0.915743
1.400018 -0.921958
1.410018 -0.927836
1.420018 -0.933374
1.430018 -0.938573
1.440018 -0.943432
1.450018 -0.947951
1.460018 -0.952128
1.470018 -0.955963
1.480018 -0.959457
1.490018 -0.962607
1.500018 -0.965414
1.510018 -0.967877
1.520018 -0.969995
1.530018 -0.971768
1.540018 -0.973195
1.550018 -0.974277
1.560018 -0.975011
1.570018 -0.975398
1.580018 -0.975437
1.590018 -0.975127
1.600018 -0.974469
1.610018 -0.973460
1.620018 -0.972102
1.630018 -0.970392
1.640018 -0.968332
1.650018 -0.965919
1.660018 -0.963154
1.670018 -0.960036
1.680018 -0.956564
1.690018 -0.952738
1.700018 -0.948557
1.710018 -0.944021
1.720018 -0.939129
1.730018 -0.933880
1.740018 -0.928275
1.750018 -0.922312
1.760018 -0.915990
1.770018 -0.909311
1.780018 -0.902271
1.790018 -0.894872
1.800018 -0.887113
1.810018 -0.878992
1.820018 -0.870510
1.830018 -0.861666
1.840018 -0.852459
1.850018 -0.842889
1.860018 -0.832955
1.870018 -0.822657
1.880018 -0.811993
1.890018 -0.800965
1.900018 -0.789570
1.910018 -0.777809
1.920018 -0.765680
1.930018 -0.753184
1.940018 -0.740326
1.950018 -0.727115
1.960018 -0.713560
1.970018 -0.699668
1.980018 -0.685450
1.990018 -0.670913
2.000018 -0.656066
2.010018 -0.640918
2.020018 -0.625478
2.030018 -0.609755
2.040018 -0.593756
2.050018 -0.577491
2.060018 -0.560969
2.070018 -0.544197
2.080018 -0.527186
2.090018 -0.509943
2.100018 -0.492477
2.110018 -0.474798
2.120018 -0.456913
2.130018 -0.438831
2.140018 -0.420561
2.150017 -0.402112
2.160017 -0.383492
2.170017 -0.364711
2.180017 -0.345776
2.190017 -0.326697
2.200017 -0.307482
2.210017 -0.288140
2.220017 -0.268680
2.230017 -0.249110
2.240017 -0.229438
2.250017 -0.209675
2.260017 -0.189828
2.270017 -0.169906
2.280017 -0.149918
2.290017 -0.129872
2.300017 -0.109777
2.310017 -0.089643
2.320017 -0.069476
2.330017 -0.049288
2.340017 -0.029085
2.350017 -0.008876
2.360017 0.011329
2.370017 0.031521
2.380017 0.051693
2.390017 0.071836
2.400017 0.091941
2.410017 0.111998
2.420017 0.132000
2.430017 0.151938
2.440017 0.171803
2.450017 0.191586
2.460017 0.211279
2.470017 0.230873
2.480017 0.250360
2.490017 0.269730
2.500017 0.288974
2.510017 0.308085
2.520017 0.327054
2.530017 0.345871
2.540017 0.364528
2.550017 0.383017
2.560017 0.401328
2.570017 0.419454
2.580017 0.437384
2.590017 0.455112
2.600017 0.472627
2.610017 0.489922
2.620017 0.506987
2.630017 0.523814
2.640017 0.540393
2.650017 0.556718
2.660017 0.572778
2.670017 0.588565
2.680017 0.604071
2.690017 0.619286
2.700017 0.634203
2.710017 0.648818
2.720017 0.663130
2.730017 0.677137
2.740017 0.690840
2.750017 0.704236
2.760017 0.717325
2.770017 0.730105
2.780017 0.742576
2.790017 0.754736
2.800017 0.766584
2.810017 0.778119
2.820017 0.789341
2.830017 0.800247
2.840017 0.810837
2.850017 0.821109
2.860017 0.831064
2.870017 0.840698
2.880017 0.850012
2.890017 0.859004
2.900017 0.867674
2.910017 0.876019
2.920017 0.884040
2.930017 0.891734
2.940017 0.899101
2.950017 0.906140
2.960017 0.912849
2.970017 0.919228
2.980017 0.925275
2.990017 0.930989
3.000017 0.936369
3.010017 0.941415
3.020017 0.946124
3.030017 0.950496
3.040017 0.954530
3.050017 0.958225
3.060017 0.961579
3.070017 0.964591
3.080017 0.967261
3.090017 0.969587
3.100017 0.971568
3.110017 0.973203
3.120017 0.974492
3.130017 0.975431
3.140017 0.976022
3.150017 0.976262
3.160017 0.976151
3.170017 0.975687
3.180017 0.974869
3.190017 0.973697
3.200016 0.972168
3.210016 0.970283
3.220016 0.968040
3.230016 0.965437
3.240016 0.962474
3.250016 0.959149
3.260016 0.955462
3.270016 0.951412
3.280016 0.946996
3.290016 0.942215
3.300016 0.937067
3.310016 0.931551
3.320016 0.925666
3.330016 0.919410
3.340016 0.912783
3.350016 0.905784
3.360016 0.898411
3.370016 0.890664
3.380016 0.882540
3.390016 0.874040
3.400016 0.865162
3.410016 0.855905
3.420016 0.846268
3.430016 0.836249
3.440016 0.825848
3.450016 0.815064
3.460016 0.803895
3.470016 0.792341
3.480016 0.780408
3.490016 0.768106
3.500016 0.755442
3.510016 0.742425
3.520016 0.729064
3.530016 0.715366
3.540016 0.701341
3.550016 0.686997
3.560016 0.672343
3.570016 0.657387
3.580016 0.642138
3.590016 0.626604
3.600016 0.610793
3.610016 0.594715
3.620016 0.578378
3.630016 0.561790
3.640016 0.544959
3.650016 0.527896
3.660016 0.510607
3.670016 0.493101
3.680016 0.475388
3.690016 0.457475
3.700016 0.439371
3.710016 0.421084
3.720016 0.402624
3.730016 0.383998
3.740016 0.365215
3.750016 0.346285
3.760016 0.327214
3.770016 0.308012
3.780016 0.288687
3.790016 0.269248
3.800016 0.249703
3.810016 0.230062
3.820016 0.210331
3.830016 0.190521
3.840016 0.170639
3.850016 0.150693
3.860016 0.130694
3.870016 0.110648
3.880016 0.090565
3.890016 0.070453
3.900016 0.050321
3.910016 0.030176
3.920016 0.010029
3.930016 -0.010113
3.940016 -0.030242
3.950016 -0.050349
3.960016 -0.070424
3.970016 -0.090461
3.980016 -0.110449
3.990016 -0.130381
4.000016 -0.150248
4.010016 -0.170043
4.020016 -0.189755
4.030016 -0.209377
4.040017 -0.228900
4.050017 -0.248315
4.060017 -0.267614
4.070017 -0.286789
4.080018 -0.305830
4.090018 -0.324730
4.100018 -0.343480
4.110018 -0.362070
4.120018 -0.380494
4.130019 -0.398742
4.140019 -0.416805
4.150019 -0.434676
4.160019 -0.452345
4.170020 -0.469805
4.180020 -0.487046
4.190020 -0.504060
4.200020 -0.520838
4.210021 -0.537372
4.220021 -0.553654
4.230021 -0.569675
4.240021 -0.585427
4.250021 -0.600907
4.260022 -0.616113
4.270022 -0.631043
4.280022 -0.645694
4.290022 -0.660066
4.300023 -0.674155
4.310023 -0.687960
4.320023 -0.701479
4.330023 -0.714709
4.340024 -0.727650
4.350024 -0.740298
4.360024 -0.752651
4.370024 -0.764709
4.380024 -0.776468
4.390025 -0.787927
4.400025 -0.799083
4.410025 -0.809936
4.420025 -0.820481
4.430026 -0.830719
4.440026 -0.840646
4.450026 -0.850261
4.460026 -0.859561
4.470026 -0.868545
4.480027 -0.877210
4.490027 -0.885555
4.500027 -0.893578
4.510027 -0.901276
4.520028 -0.908647
4.530028 -0.915690
4.540028 -0.922403
4.550028 -0.928782
4.560029 -0.934828
4.570029 -0.940537
4.580029 -0.945907
4.590029 -0.950936
4.600029 -0.955623
4.610030 -0.959966
4.620030 -0.963961
4.630030 -0.967608
4.640030 -0.970904
4.650031 -0.973848
4.660031 -0.976437
4.670031 -0.978669
4.680031 -0.980543
4.690032 -0.982055
4.700032 -0.983205
4.710032 -0.983991
4.720032 -0.984409
4.730032 -0.984459
4.740033 -0.984138
4.750033 -0.983443
4.760033 -0.982375
4.770033 -0.980929
4.780034 -0.979104
4.790034 -0.976899
4.800034 -0.974310
4.810034 -0.971337
4.820035 -0.967977
4.830035 -0.964227
4.840035 -0.960087
4.850035 -0.955554
4.860035 -0.950626
4.870036 -0.945301
4.880036 -0.939577
4.890036 -0.933451
4.900036 -0.926923
4.910037 -0.919990
4.920037 -0.912649
4.930037 -0.904900
4.940037 -0.896739
4.950037 -0.888165
4.960038 -0.879177
4.970038 -0.869770
4.980038 -0.859945
4.990038 -0.849699


